ID	X1	X2	ROW	COL
1	1	1	1	1
2	1	1	1	2
3	1	1	1	3
4	1	1	1	4
5	1	1	1	5
6	1	1	1	6
7	1	1	1	7
8	1	1	1	8
9	1	1	1	9
10	1	1	1	10
11	1	1	1	11
12	1	1	1	12
13	1	1	1	13
14	1	1	1	14
15	1	1	1	15
16	1	1	1	16
17	1	1	1	17
18	1	1	1	18
19	1	1	1	19
20	1	1	1	20
21	1	1	1	21
22	1	1	2	1
23	1	1	2	2
24	1	1	2	3
25	1	1	2	4
26	1	1	2	5
27	1	1	2	6
28	1	1	2	7
29	1	1	2	8
30	1	1	2	9
31	1	1	2	10
32	1	1	2	11
33	1	1	2	12
34	1	1	2	13
35	1	1	2	14
36	1	1	2	15
37	1	1	2	16
38	1	1	2	17
39	1	1	2	18
40	1	1	2	19
41	1	1	2	20
42	1	1	2	21
43	1	1	3	1
44	1	1	3	2
45	1	1	3	3
46	1	1	3	4
47	1	1	3	5
48	1	1	3	6
49	1	1	3	7
50	1	1	3	8
51	1	1	3	9
52	1	1	3	10
53	1	1	3	11
54	1	1	3	12
55	1	1	3	13
56	1	1	3	14
57	1	1	3	15
58	1	1	3	16
59	1	1	3	17
60	1	1	3	18
61	1	1	3	19
62	1	1	3	20
63	1	1	3	21
64	1	1	4	1
65	1	1	4	2
66	1	1	4	3
67	1	1	4	4
68	1	1	4	5
69	1	1	4	6
70	1	1	4	7
71	1	1	4	8
72	1	1	4	9
73	1	1	4	10
74	1	1	4	11
75	1	1	4	12
76	1	1	4	13
77	1	1	4	14
78	1	1	4	15
79	1	1	4	16
80	1	1	4	17
81	1	1	4	18
82	1	1	4	19
83	1	1	4	20
84	1	1	4	21
85	1	1	5	1
86	1	1	5	2
87	1	1	5	3
88	1	1	5	4
89	1	1	5	5
90	1	1	5	6
91	1	1	5	7
92	1	1	5	8
93	1	1	5	9
94	1	1	5	10
95	1	1	5	11
96	1	1	5	12
97	1	1	5	13
98	1	1	5	14
99	1	1	5	15
100	1	1	5	16
101	1	1	5	17
102	1	1	5	18
103	1	1	5	19
104	1	1	5	20
105	1	1	5	21
106	1	1	6	1
107	1	1	6	2
108	1	1	6	3
109	1	1	6	4
110	1	1	6	5
111	1	1	6	6
112	1	1	6	7
113	1	1	6	8
114	1	1	6	9
115	1	1	6	10
116	1	1	6	11
117	1	1	6	12
118	1	1	6	13
119	1	1	6	14
120	1	1	6	15
121	1	1	6	16
122	1	1	6	17
123	1	1	6	18
124	1	1	6	19
125	1	1	6	20
126	1	1	6	21
127	1	1	7	1
128	1	1	7	2
129	1	1	7	3
130	1	1	7	4
131	1	1	7	5
132	1	1	7	6
133	1	1	7	7
134	1	1	7	8
135	1	1	7	9
136	1	1	7	10
137	1	1	7	11
138	1	1	7	12
139	1	1	7	13
140	1	1	7	14
141	1	1	7	15
142	1	1	7	16
143	1	1	7	17
144	1	1	7	18
145	1	1	7	19
146	1	1	7	20
147	1	1	7	21
148	1	1	8	1
149	1	1	8	2
150	1	1	8	3
151	1	1	8	4
152	1	1	8	5
153	1	1	8	6
154	1	1	8	7
155	1	1	8	8
156	1	1	8	9
157	1	1	8	10
158	1	1	8	11
159	1	1	8	12
160	1	1	8	13
161	1	1	8	14
162	1	1	8	15
163	1	1	8	16
164	1	1	8	17
165	1	1	8	18
166	1	1	8	19
167	1	1	8	20
168	1	1	8	21
169	1	1	9	1
170	1	1	9	2
171	1	1	9	3
172	1	1	9	4
173	1	1	9	5
174	1	1	9	6
175	1	1	9	7
176	1	1	9	8
177	1	1	9	9
178	1	1	9	10
179	1	1	9	11
180	1	1	9	12
181	1	1	9	13
182	1	1	9	14
183	1	1	9	15
184	1	1	9	16
185	1	1	9	17
186	1	1	9	18
187	1	1	9	19
188	1	1	9	20
189	1	1	9	21
190	1	1	10	1
191	1	1	10	2
192	1	1	10	3
193	1	1	10	4
194	1	1	10	5
195	1	1	10	6
196	1	1	10	7
197	1	1	10	8
198	1	1	10	9
199	1	1	10	10
200	1	1	10	11
201	1	1	10	12
202	1	1	10	13
203	1	1	10	14
204	1	1	10	15
205	1	1	10	16
206	1	1	10	17
207	1	1	10	18
208	1	1	10	19
209	1	1	10	20
210	1	1	10	21
211	1	1	11	1
212	1	1	11	2
213	1	1	11	3
214	1	1	11	4
215	1	1	11	5
216	1	1	11	6
217	1	1	11	7
218	1	1	11	8
219	1	1	11	9
220	1	1	11	10
221	1	1	11	11
222	1	1	11	12
223	1	1	11	13
224	1	1	11	14
225	1	1	11	15
226	1	1	11	16
227	1	1	11	17
228	1	1	11	18
229	1	1	11	19
230	1	1	11	20
231	1	1	11	21
232	1	1	12	1
233	1	1	12	2
234	1	1	12	3
235	1	1	12	4
236	1	1	12	5
237	1	1	12	6
238	1	1	12	7
239	1	1	12	8
240	1	1	12	9
241	1	1	12	10
242	1	1	12	11
243	1	1	12	12
244	1	1	12	13
245	1	1	12	14
246	1	1	12	15
247	1	1	12	16
248	1	1	12	17
249	1	1	12	18
250	1	1	12	19
251	1	1	12	20
252	1	1	12	21
253	1	1	13	1
254	1	1	13	2
255	1	1	13	3
256	1	1	13	4
257	1	1	13	5
258	1	1	13	6
259	1	1	13	7
260	1	1	13	8
261	1	1	13	9
262	1	1	13	10
263	1	1	13	11
264	1	1	13	12
265	1	1	13	13
266	1	1	13	14
267	1	1	13	15
268	1	1	13	16
269	1	1	13	17
270	1	1	13	18
271	1	1	13	19
272	1	1	13	20
273	1	1	13	21
274	1	1	14	1
275	1	1	14	2
276	1	1	14	3
277	1	1	14	4
278	1	1	14	5
279	1	1	14	6
280	1	1	14	7
281	1	1	14	8
282	1	1	14	9
283	1	1	14	10
284	1	1	14	11
285	1	1	14	12
286	1	1	14	13
287	1	1	14	14
288	1	1	14	15
289	1	1	14	16
290	1	1	14	17
291	1	1	14	18
292	1	1	14	19
293	1	1	14	20
294	1	1	14	21
295	1	1	15	1
296	1	1	15	2
297	1	1	15	3
298	1	1	15	4
299	1	1	15	5
300	1	1	15	6
301	1	1	15	7
302	1	1	15	8
303	1	1	15	9
304	1	1	15	10
305	1	1	15	11
306	1	1	15	12
307	1	1	15	13
308	1	1	15	14
309	1	1	15	15
310	1	1	15	16
311	1	1	15	17
312	1	1	15	18
313	1	1	15	19
314	1	1	15	20
315	1	1	15	21
316	1	1	16	1
317	1	1	16	2
318	1	1	16	3
319	1	1	16	4
320	1	1	16	5
321	1	1	16	6
322	1	1	16	7
323	1	1	16	8
324	1	1	16	9
325	1	1	16	10
326	1	1	16	11
327	1	1	16	12
328	1	1	16	13
329	1	1	16	14
330	1	1	16	15
331	1	1	16	16
332	1	1	16	17
333	1	1	16	18
334	1	1	16	19
335	1	1	16	20
336	1	1	16	21
337	1	1	17	1
338	1	1	17	2
339	1	1	17	3
340	1	1	17	4
341	1	1	17	5
342	1	1	17	6
343	1	1	17	7
344	1	1	17	8
345	1	1	17	9
346	1	1	17	10
347	1	1	17	11
348	1	1	17	12
349	1	1	17	13
350	1	1	17	14
351	1	1	17	15
352	1	1	17	16
353	1	1	17	17
354	1	1	17	18
355	1	1	17	19
356	1	1	17	20
357	1	1	17	21
358	1	1	18	1
359	1	1	18	2
360	1	1	18	3
361	1	1	18	4
362	1	1	18	5
363	1	1	18	6
364	1	1	18	7
365	1	1	18	8
366	1	1	18	9
367	1	1	18	10
368	1	1	18	11
369	1	1	18	12
370	1	1	18	13
371	1	1	18	14
372	1	1	18	15
373	1	1	18	16
374	1	1	18	17
375	1	1	18	18
376	1	1	18	19
377	1	1	18	20
378	1	1	18	21
379	1	1	19	1
380	1	1	19	2
381	1	1	19	3
382	1	1	19	4
383	1	1	19	5
384	1	1	19	6
385	1	1	19	7
386	1	1	19	8
387	1	1	19	9
388	1	1	19	10
389	1	1	19	11
390	1	1	19	12
391	1	1	19	13
392	1	1	19	14
393	1	1	19	15
394	1	1	19	16
395	1	1	19	17
396	1	1	19	18
397	1	1	19	19
398	1	1	19	20
399	1	1	19	21
400	1	2	1	1
401	1	2	1	2
402	1	2	1	3
403	1	2	1	4
404	1	2	1	5
405	1	2	1	6
406	1	2	1	7
407	1	2	1	8
408	1	2	1	9
409	1	2	1	10
410	1	2	1	11
411	1	2	1	12
412	1	2	1	13
413	1	2	1	14
414	1	2	1	15
415	1	2	1	16
416	1	2	1	17
417	1	2	1	18
418	1	2	1	19
419	1	2	1	20
420	1	2	1	21
421	1	2	2	1
422	1	2	2	2
423	1	2	2	3
424	1	2	2	4
425	1	2	2	5
426	1	2	2	6
427	1	2	2	7
428	1	2	2	8
429	1	2	2	9
430	1	2	2	10
431	1	2	2	11
432	1	2	2	12
433	1	2	2	13
434	1	2	2	14
435	1	2	2	15
436	1	2	2	16
437	1	2	2	17
438	1	2	2	18
439	1	2	2	19
440	1	2	2	20
441	1	2	2	21
442	1	2	3	1
443	1	2	3	2
444	1	2	3	3
445	1	2	3	4
446	1	2	3	5
447	1	2	3	6
448	1	2	3	7
449	1	2	3	8
450	1	2	3	9
451	1	2	3	10
452	1	2	3	11
453	1	2	3	12
454	1	2	3	13
455	1	2	3	14
456	1	2	3	15
457	1	2	3	16
458	1	2	3	17
459	1	2	3	18
460	1	2	3	19
461	1	2	3	20
462	1	2	3	21
463	1	2	4	1
464	1	2	4	2
465	1	2	4	3
466	1	2	4	4
467	1	2	4	5
468	1	2	4	6
469	1	2	4	7
470	1	2	4	8
471	1	2	4	9
472	1	2	4	10
473	1	2	4	11
474	1	2	4	12
475	1	2	4	13
476	1	2	4	14
477	1	2	4	15
478	1	2	4	16
479	1	2	4	17
480	1	2	4	18
481	1	2	4	19
482	1	2	4	20
483	1	2	4	21
484	1	2	5	1
485	1	2	5	2
486	1	2	5	3
487	1	2	5	4
488	1	2	5	5
489	1	2	5	6
490	1	2	5	7
491	1	2	5	8
492	1	2	5	9
493	1	2	5	10
494	1	2	5	11
495	1	2	5	12
496	1	2	5	13
497	1	2	5	14
498	1	2	5	15
499	1	2	5	16
500	1	2	5	17
501	1	2	5	18
502	1	2	5	19
503	1	2	5	20
504	1	2	5	21
505	1	2	6	1
506	1	2	6	2
507	1	2	6	3
508	1	2	6	4
509	1	2	6	5
510	1	2	6	6
511	1	2	6	7
512	1	2	6	8
513	1	2	6	9
514	1	2	6	10
515	1	2	6	11
516	1	2	6	12
517	1	2	6	13
518	1	2	6	14
519	1	2	6	15
520	1	2	6	16
521	1	2	6	17
522	1	2	6	18
523	1	2	6	19
524	1	2	6	20
525	1	2	6	21
526	1	2	7	1
527	1	2	7	2
528	1	2	7	3
529	1	2	7	4
530	1	2	7	5
531	1	2	7	6
532	1	2	7	7
533	1	2	7	8
534	1	2	7	9
535	1	2	7	10
536	1	2	7	11
537	1	2	7	12
538	1	2	7	13
539	1	2	7	14
540	1	2	7	15
541	1	2	7	16
542	1	2	7	17
543	1	2	7	18
544	1	2	7	19
545	1	2	7	20
546	1	2	7	21
547	1	2	8	1
548	1	2	8	2
549	1	2	8	3
550	1	2	8	4
551	1	2	8	5
552	1	2	8	6
553	1	2	8	7
554	1	2	8	8
555	1	2	8	9
556	1	2	8	10
557	1	2	8	11
558	1	2	8	12
559	1	2	8	13
560	1	2	8	14
561	1	2	8	15
562	1	2	8	16
563	1	2	8	17
564	1	2	8	18
565	1	2	8	19
566	1	2	8	20
567	1	2	8	21
568	1	2	9	1
569	1	2	9	2
570	1	2	9	3
571	1	2	9	4
572	1	2	9	5
573	1	2	9	6
574	1	2	9	7
575	1	2	9	8
576	1	2	9	9
577	1	2	9	10
578	1	2	9	11
579	1	2	9	12
580	1	2	9	13
581	1	2	9	14
582	1	2	9	15
583	1	2	9	16
584	1	2	9	17
585	1	2	9	18
586	1	2	9	19
587	1	2	9	20
588	1	2	9	21
589	1	2	10	1
590	1	2	10	2
591	1	2	10	3
592	1	2	10	4
593	1	2	10	5
594	1	2	10	6
595	1	2	10	7
596	1	2	10	8
597	1	2	10	9
598	1	2	10	10
599	1	2	10	11
600	1	2	10	12
601	1	2	10	13
602	1	2	10	14
603	1	2	10	15
604	1	2	10	16
605	1	2	10	17
606	1	2	10	18
607	1	2	10	19
608	1	2	10	20
609	1	2	10	21
610	1	2	11	1
611	1	2	11	2
612	1	2	11	3
613	1	2	11	4
614	1	2	11	5
615	1	2	11	6
616	1	2	11	7
617	1	2	11	8
618	1	2	11	9
619	1	2	11	10
620	1	2	11	11
621	1	2	11	12
622	1	2	11	13
623	1	2	11	14
624	1	2	11	15
625	1	2	11	16
626	1	2	11	17
627	1	2	11	18
628	1	2	11	19
629	1	2	11	20
630	1	2	11	21
631	1	2	12	1
632	1	2	12	2
633	1	2	12	3
634	1	2	12	4
635	1	2	12	5
636	1	2	12	6
637	1	2	12	7
638	1	2	12	8
639	1	2	12	9
640	1	2	12	10
641	1	2	12	11
642	1	2	12	12
643	1	2	12	13
644	1	2	12	14
645	1	2	12	15
646	1	2	12	16
647	1	2	12	17
648	1	2	12	18
649	1	2	12	19
650	1	2	12	20
651	1	2	12	21
652	1	2	13	1
653	1	2	13	2
654	1	2	13	3
655	1	2	13	4
656	1	2	13	5
657	1	2	13	6
658	1	2	13	7
659	1	2	13	8
660	1	2	13	9
661	1	2	13	10
662	1	2	13	11
663	1	2	13	12
664	1	2	13	13
665	1	2	13	14
666	1	2	13	15
667	1	2	13	16
668	1	2	13	17
669	1	2	13	18
670	1	2	13	19
671	1	2	13	20
672	1	2	13	21
673	1	2	14	1
674	1	2	14	2
675	1	2	14	3
676	1	2	14	4
677	1	2	14	5
678	1	2	14	6
679	1	2	14	7
680	1	2	14	8
681	1	2	14	9
682	1	2	14	10
683	1	2	14	11
684	1	2	14	12
685	1	2	14	13
686	1	2	14	14
687	1	2	14	15
688	1	2	14	16
689	1	2	14	17
690	1	2	14	18
691	1	2	14	19
692	1	2	14	20
693	1	2	14	21
694	1	2	15	1
695	1	2	15	2
696	1	2	15	3
697	1	2	15	4
698	1	2	15	5
699	1	2	15	6
700	1	2	15	7
701	1	2	15	8
702	1	2	15	9
703	1	2	15	10
704	1	2	15	11
705	1	2	15	12
706	1	2	15	13
707	1	2	15	14
708	1	2	15	15
709	1	2	15	16
710	1	2	15	17
711	1	2	15	18
712	1	2	15	19
713	1	2	15	20
714	1	2	15	21
715	1	2	16	1
716	1	2	16	2
717	1	2	16	3
718	1	2	16	4
719	1	2	16	5
720	1	2	16	6
721	1	2	16	7
722	1	2	16	8
723	1	2	16	9
724	1	2	16	10
725	1	2	16	11
726	1	2	16	12
727	1	2	16	13
728	1	2	16	14
729	1	2	16	15
730	1	2	16	16
731	1	2	16	17
732	1	2	16	18
733	1	2	16	19
734	1	2	16	20
735	1	2	16	21
736	1	2	17	1
737	1	2	17	2
738	1	2	17	3
739	1	2	17	4
740	1	2	17	5
741	1	2	17	6
742	1	2	17	7
743	1	2	17	8
744	1	2	17	9
745	1	2	17	10
746	1	2	17	11
747	1	2	17	12
748	1	2	17	13
749	1	2	17	14
750	1	2	17	15
751	1	2	17	16
752	1	2	17	17
753	1	2	17	18
754	1	2	17	19
755	1	2	17	20
756	1	2	17	21
757	1	2	18	1
758	1	2	18	2
759	1	2	18	3
760	1	2	18	4
761	1	2	18	5
762	1	2	18	6
763	1	2	18	7
764	1	2	18	8
765	1	2	18	9
766	1	2	18	10
767	1	2	18	11
768	1	2	18	12
769	1	2	18	13
770	1	2	18	14
771	1	2	18	15
772	1	2	18	16
773	1	2	18	17
774	1	2	18	18
775	1	2	18	19
776	1	2	18	20
777	1	2	18	21
778	1	2	19	1
779	1	2	19	2
780	1	2	19	3
781	1	2	19	4
782	1	2	19	5
783	1	2	19	6
784	1	2	19	7
785	1	2	19	8
786	1	2	19	9
787	1	2	19	10
788	1	2	19	11
789	1	2	19	12
790	1	2	19	13
791	1	2	19	14
792	1	2	19	15
793	1	2	19	16
794	1	2	19	17
795	1	2	19	18
796	1	2	19	19
797	1	2	19	20
798	1	2	19	21
799	1	3	1	1
800	1	3	1	2
801	1	3	1	3
802	1	3	1	4
803	1	3	1	5
804	1	3	1	6
805	1	3	1	7
806	1	3	1	8
807	1	3	1	9
808	1	3	1	10
809	1	3	1	11
810	1	3	1	12
811	1	3	1	13
812	1	3	1	14
813	1	3	1	15
814	1	3	1	16
815	1	3	1	17
816	1	3	1	18
817	1	3	1	19
818	1	3	1	20
819	1	3	1	21
820	1	3	2	1
821	1	3	2	2
822	1	3	2	3
823	1	3	2	4
824	1	3	2	5
825	1	3	2	6
826	1	3	2	7
827	1	3	2	8
828	1	3	2	9
829	1	3	2	10
830	1	3	2	11
831	1	3	2	12
832	1	3	2	13
833	1	3	2	14
834	1	3	2	15
835	1	3	2	16
836	1	3	2	17
837	1	3	2	18
838	1	3	2	19
839	1	3	2	20
840	1	3	2	21
841	1	3	3	1
842	1	3	3	2
843	1	3	3	3
844	1	3	3	4
845	1	3	3	5
846	1	3	3	6
847	1	3	3	7
848	1	3	3	8
849	1	3	3	9
850	1	3	3	10
851	1	3	3	11
852	1	3	3	12
853	1	3	3	13
854	1	3	3	14
855	1	3	3	15
856	1	3	3	16
857	1	3	3	17
858	1	3	3	18
859	1	3	3	19
860	1	3	3	20
861	1	3	3	21
862	1	3	4	1
863	1	3	4	2
864	1	3	4	3
865	1	3	4	4
866	1	3	4	5
867	1	3	4	6
868	1	3	4	7
869	1	3	4	8
870	1	3	4	9
871	1	3	4	10
872	1	3	4	11
873	1	3	4	12
874	1	3	4	13
875	1	3	4	14
876	1	3	4	15
877	1	3	4	16
878	1	3	4	17
879	1	3	4	18
880	1	3	4	19
881	1	3	4	20
882	1	3	4	21
883	1	3	5	1
884	1	3	5	2
885	1	3	5	3
886	1	3	5	4
887	1	3	5	5
888	1	3	5	6
889	1	3	5	7
890	1	3	5	8
891	1	3	5	9
892	1	3	5	10
893	1	3	5	11
894	1	3	5	12
895	1	3	5	13
896	1	3	5	14
897	1	3	5	15
898	1	3	5	16
899	1	3	5	17
900	1	3	5	18
901	1	3	5	19
902	1	3	5	20
903	1	3	5	21
904	1	3	6	1
905	1	3	6	2
906	1	3	6	3
907	1	3	6	4
908	1	3	6	5
909	1	3	6	6
910	1	3	6	7
911	1	3	6	8
912	1	3	6	9
913	1	3	6	10
914	1	3	6	11
915	1	3	6	12
916	1	3	6	13
917	1	3	6	14
918	1	3	6	15
919	1	3	6	16
920	1	3	6	17
921	1	3	6	18
922	1	3	6	19
923	1	3	6	20
924	1	3	6	21
925	1	3	7	1
926	1	3	7	2
927	1	3	7	3
928	1	3	7	4
929	1	3	7	5
930	1	3	7	6
931	1	3	7	7
932	1	3	7	8
933	1	3	7	9
934	1	3	7	10
935	1	3	7	11
936	1	3	7	12
937	1	3	7	13
938	1	3	7	14
939	1	3	7	15
940	1	3	7	16
941	1	3	7	17
942	1	3	7	18
943	1	3	7	19
944	1	3	7	20
945	1	3	7	21
946	1	3	8	1
947	1	3	8	2
948	1	3	8	3
949	1	3	8	4
950	1	3	8	5
951	1	3	8	6
952	1	3	8	7
953	1	3	8	8
954	1	3	8	9
955	1	3	8	10
956	1	3	8	11
957	1	3	8	12
958	1	3	8	13
959	1	3	8	14
960	1	3	8	15
961	1	3	8	16
962	1	3	8	17
963	1	3	8	18
964	1	3	8	19
965	1	3	8	20
966	1	3	8	21
967	1	3	9	1
968	1	3	9	2
969	1	3	9	3
970	1	3	9	4
971	1	3	9	5
972	1	3	9	6
973	1	3	9	7
974	1	3	9	8
975	1	3	9	9
976	1	3	9	10
977	1	3	9	11
978	1	3	9	12
979	1	3	9	13
980	1	3	9	14
981	1	3	9	15
982	1	3	9	16
983	1	3	9	17
984	1	3	9	18
985	1	3	9	19
986	1	3	9	20
987	1	3	9	21
988	1	3	10	1
989	1	3	10	2
990	1	3	10	3
991	1	3	10	4
992	1	3	10	5
993	1	3	10	6
994	1	3	10	7
995	1	3	10	8
996	1	3	10	9
997	1	3	10	10
998	1	3	10	11
999	1	3	10	12
1000	1	3	10	13
1001	1	3	10	14
1002	1	3	10	15
1003	1	3	10	16
1004	1	3	10	17
1005	1	3	10	18
1006	1	3	10	19
1007	1	3	10	20
1008	1	3	10	21
1009	1	3	11	1
1010	1	3	11	2
1011	1	3	11	3
1012	1	3	11	4
1013	1	3	11	5
1014	1	3	11	6
1015	1	3	11	7
1016	1	3	11	8
1017	1	3	11	9
1018	1	3	11	10
1019	1	3	11	11
1020	1	3	11	12
1021	1	3	11	13
1022	1	3	11	14
1023	1	3	11	15
1024	1	3	11	16
1025	1	3	11	17
1026	1	3	11	18
1027	1	3	11	19
1028	1	3	11	20
1029	1	3	11	21
1030	1	3	12	1
1031	1	3	12	2
1032	1	3	12	3
1033	1	3	12	4
1034	1	3	12	5
1035	1	3	12	6
1036	1	3	12	7
1037	1	3	12	8
1038	1	3	12	9
1039	1	3	12	10
1040	1	3	12	11
1041	1	3	12	12
1042	1	3	12	13
1043	1	3	12	14
1044	1	3	12	15
1045	1	3	12	16
1046	1	3	12	17
1047	1	3	12	18
1048	1	3	12	19
1049	1	3	12	20
1050	1	3	12	21
1051	1	3	13	1
1052	1	3	13	2
1053	1	3	13	3
1054	1	3	13	4
1055	1	3	13	5
1056	1	3	13	6
1057	1	3	13	7
1058	1	3	13	8
1059	1	3	13	9
1060	1	3	13	10
1061	1	3	13	11
1062	1	3	13	12
1063	1	3	13	13
1064	1	3	13	14
1065	1	3	13	15
1066	1	3	13	16
1067	1	3	13	17
1068	1	3	13	18
1069	1	3	13	19
1070	1	3	13	20
1071	1	3	13	21
1072	1	3	14	1
1073	1	3	14	2
1074	1	3	14	3
1075	1	3	14	4
1076	1	3	14	5
1077	1	3	14	6
1078	1	3	14	7
1079	1	3	14	8
1080	1	3	14	9
1081	1	3	14	10
1082	1	3	14	11
1083	1	3	14	12
1084	1	3	14	13
1085	1	3	14	14
1086	1	3	14	15
1087	1	3	14	16
1088	1	3	14	17
1089	1	3	14	18
1090	1	3	14	19
1091	1	3	14	20
1092	1	3	14	21
1093	1	3	15	1
1094	1	3	15	2
1095	1	3	15	3
1096	1	3	15	4
1097	1	3	15	5
1098	1	3	15	6
1099	1	3	15	7
1100	1	3	15	8
1101	1	3	15	9
1102	1	3	15	10
1103	1	3	15	11
1104	1	3	15	12
1105	1	3	15	13
1106	1	3	15	14
1107	1	3	15	15
1108	1	3	15	16
1109	1	3	15	17
1110	1	3	15	18
1111	1	3	15	19
1112	1	3	15	20
1113	1	3	15	21
1114	1	3	16	1
1115	1	3	16	2
1116	1	3	16	3
1117	1	3	16	4
1118	1	3	16	5
1119	1	3	16	6
1120	1	3	16	7
1121	1	3	16	8
1122	1	3	16	9
1123	1	3	16	10
1124	1	3	16	11
1125	1	3	16	12
1126	1	3	16	13
1127	1	3	16	14
1128	1	3	16	15
1129	1	3	16	16
1130	1	3	16	17
1131	1	3	16	18
1132	1	3	16	19
1133	1	3	16	20
1134	1	3	16	21
1135	1	3	17	1
1136	1	3	17	2
1137	1	3	17	3
1138	1	3	17	4
1139	1	3	17	5
1140	1	3	17	6
1141	1	3	17	7
1142	1	3	17	8
1143	1	3	17	9
1144	1	3	17	10
1145	1	3	17	11
1146	1	3	17	12
1147	1	3	17	13
1148	1	3	17	14
1149	1	3	17	15
1150	1	3	17	16
1151	1	3	17	17
1152	1	3	17	18
1153	1	3	17	19
1154	1	3	17	20
1155	1	3	17	21
1156	1	3	18	1
1157	1	3	18	2
1158	1	3	18	3
1159	1	3	18	4
1160	1	3	18	5
1161	1	3	18	6
1162	1	3	18	7
1163	1	3	18	8
1164	1	3	18	9
1165	1	3	18	10
1166	1	3	18	11
1167	1	3	18	12
1168	1	3	18	13
1169	1	3	18	14
1170	1	3	18	15
1171	1	3	18	16
1172	1	3	18	17
1173	1	3	18	18
1174	1	3	18	19
1175	1	3	18	20
1176	1	3	18	21
1177	1	3	19	1
1178	1	3	19	2
1179	1	3	19	3
1180	1	3	19	4
1181	1	3	19	5
1182	1	3	19	6
1183	1	3	19	7
1184	1	3	19	8
1185	1	3	19	9
1186	1	3	19	10
1187	1	3	19	11
1188	1	3	19	12
1189	1	3	19	13
1190	1	3	19	14
1191	1	3	19	15
1192	1	3	19	16
1193	1	3	19	17
1194	1	3	19	18
1195	1	3	19	19
1196	1	3	19	20
1197	1	3	19	21
1198	1	4	1	1
1199	1	4	1	2
1200	1	4	1	3
1201	1	4	1	4
1202	1	4	1	5
1203	1	4	1	6
1204	1	4	1	7
1205	1	4	1	8
1206	1	4	1	9
1207	1	4	1	10
1208	1	4	1	11
1209	1	4	1	12
1210	1	4	1	13
1211	1	4	1	14
1212	1	4	1	15
1213	1	4	1	16
1214	1	4	1	17
1215	1	4	1	18
1216	1	4	1	19
1217	1	4	1	20
1218	1	4	1	21
1219	1	4	2	1
1220	1	4	2	2
1221	1	4	2	3
1222	1	4	2	4
1223	1	4	2	5
1224	1	4	2	6
1225	1	4	2	7
1226	1	4	2	8
1227	1	4	2	9
1228	1	4	2	10
1229	1	4	2	11
1230	1	4	2	12
1231	1	4	2	13
1232	1	4	2	14
1233	1	4	2	15
1234	1	4	2	16
1235	1	4	2	17
1236	1	4	2	18
1237	1	4	2	19
1238	1	4	2	20
1239	1	4	2	21
1240	1	4	3	1
1241	1	4	3	2
1242	1	4	3	3
1243	1	4	3	4
1244	1	4	3	5
1245	1	4	3	6
1246	1	4	3	7
1247	1	4	3	8
1248	1	4	3	9
1249	1	4	3	10
1250	1	4	3	11
1251	1	4	3	12
1252	1	4	3	13
1253	1	4	3	14
1254	1	4	3	15
1255	1	4	3	16
1256	1	4	3	17
1257	1	4	3	18
1258	1	4	3	19
1259	1	4	3	20
1260	1	4	3	21
1261	1	4	4	1
1262	1	4	4	2
1263	1	4	4	3
1264	1	4	4	4
1265	1	4	4	5
1266	1	4	4	6
1267	1	4	4	7
1268	1	4	4	8
1269	1	4	4	9
1270	1	4	4	10
1271	1	4	4	11
1272	1	4	4	12
1273	1	4	4	13
1274	1	4	4	14
1275	1	4	4	15
1276	1	4	4	16
1277	1	4	4	17
1278	1	4	4	18
1279	1	4	4	19
1280	1	4	4	20
1281	1	4	4	21
1282	1	4	5	1
1283	1	4	5	2
1284	1	4	5	3
1285	1	4	5	4
1286	1	4	5	5
1287	1	4	5	6
1288	1	4	5	7
1289	1	4	5	8
1290	1	4	5	9
1291	1	4	5	10
1292	1	4	5	11
1293	1	4	5	12
1294	1	4	5	13
1295	1	4	5	14
1296	1	4	5	15
1297	1	4	5	16
1298	1	4	5	17
1299	1	4	5	18
1300	1	4	5	19
1301	1	4	5	20
1302	1	4	5	21
1303	1	4	6	1
1304	1	4	6	2
1305	1	4	6	3
1306	1	4	6	4
1307	1	4	6	5
1308	1	4	6	6
1309	1	4	6	7
1310	1	4	6	8
1311	1	4	6	9
1312	1	4	6	10
1313	1	4	6	11
1314	1	4	6	12
1315	1	4	6	13
1316	1	4	6	14
1317	1	4	6	15
1318	1	4	6	16
1319	1	4	6	17
1320	1	4	6	18
1321	1	4	6	19
1322	1	4	6	20
1323	1	4	6	21
1324	1	4	7	1
1325	1	4	7	2
1326	1	4	7	3
1327	1	4	7	4
1328	1	4	7	5
1329	1	4	7	6
1330	1	4	7	7
1331	1	4	7	8
1332	1	4	7	9
1333	1	4	7	10
1334	1	4	7	11
1335	1	4	7	12
1336	1	4	7	13
1337	1	4	7	14
1338	1	4	7	15
1339	1	4	7	16
1340	1	4	7	17
1341	1	4	7	18
1342	1	4	7	19
1343	1	4	7	20
1344	1	4	7	21
1345	1	4	8	1
1346	1	4	8	2
1347	1	4	8	3
1348	1	4	8	4
1349	1	4	8	5
1350	1	4	8	6
1351	1	4	8	7
1352	1	4	8	8
1353	1	4	8	9
1354	1	4	8	10
1355	1	4	8	11
1356	1	4	8	12
1357	1	4	8	13
1358	1	4	8	14
1359	1	4	8	15
1360	1	4	8	16
1361	1	4	8	17
1362	1	4	8	18
1363	1	4	8	19
1364	1	4	8	20
1365	1	4	8	21
1366	1	4	9	1
1367	1	4	9	2
1368	1	4	9	3
1369	1	4	9	4
1370	1	4	9	5
1371	1	4	9	6
1372	1	4	9	7
1373	1	4	9	8
1374	1	4	9	9
1375	1	4	9	10
1376	1	4	9	11
1377	1	4	9	12
1378	1	4	9	13
1379	1	4	9	14
1380	1	4	9	15
1381	1	4	9	16
1382	1	4	9	17
1383	1	4	9	18
1384	1	4	9	19
1385	1	4	9	20
1386	1	4	9	21
1387	1	4	10	1
1388	1	4	10	2
1389	1	4	10	3
1390	1	4	10	4
1391	1	4	10	5
1392	1	4	10	6
1393	1	4	10	7
1394	1	4	10	8
1395	1	4	10	9
1396	1	4	10	10
1397	1	4	10	11
1398	1	4	10	12
1399	1	4	10	13
1400	1	4	10	14
1401	1	4	10	15
1402	1	4	10	16
1403	1	4	10	17
1404	1	4	10	18
1405	1	4	10	19
1406	1	4	10	20
1407	1	4	10	21
1408	1	4	11	1
1409	1	4	11	2
1410	1	4	11	3
1411	1	4	11	4
1412	1	4	11	5
1413	1	4	11	6
1414	1	4	11	7
1415	1	4	11	8
1416	1	4	11	9
1417	1	4	11	10
1418	1	4	11	11
1419	1	4	11	12
1420	1	4	11	13
1421	1	4	11	14
1422	1	4	11	15
1423	1	4	11	16
1424	1	4	11	17
1425	1	4	11	18
1426	1	4	11	19
1427	1	4	11	20
1428	1	4	11	21
1429	1	4	12	1
1430	1	4	12	2
1431	1	4	12	3
1432	1	4	12	4
1433	1	4	12	5
1434	1	4	12	6
1435	1	4	12	7
1436	1	4	12	8
1437	1	4	12	9
1438	1	4	12	10
1439	1	4	12	11
1440	1	4	12	12
1441	1	4	12	13
1442	1	4	12	14
1443	1	4	12	15
1444	1	4	12	16
1445	1	4	12	17
1446	1	4	12	18
1447	1	4	12	19
1448	1	4	12	20
1449	1	4	12	21
1450	1	4	13	1
1451	1	4	13	2
1452	1	4	13	3
1453	1	4	13	4
1454	1	4	13	5
1455	1	4	13	6
1456	1	4	13	7
1457	1	4	13	8
1458	1	4	13	9
1459	1	4	13	10
1460	1	4	13	11
1461	1	4	13	12
1462	1	4	13	13
1463	1	4	13	14
1464	1	4	13	15
1465	1	4	13	16
1466	1	4	13	17
1467	1	4	13	18
1468	1	4	13	19
1469	1	4	13	20
1470	1	4	13	21
1471	1	4	14	1
1472	1	4	14	2
1473	1	4	14	3
1474	1	4	14	4
1475	1	4	14	5
1476	1	4	14	6
1477	1	4	14	7
1478	1	4	14	8
1479	1	4	14	9
1480	1	4	14	10
1481	1	4	14	11
1482	1	4	14	12
1483	1	4	14	13
1484	1	4	14	14
1485	1	4	14	15
1486	1	4	14	16
1487	1	4	14	17
1488	1	4	14	18
1489	1	4	14	19
1490	1	4	14	20
1491	1	4	14	21
1492	1	4	15	1
1493	1	4	15	2
1494	1	4	15	3
1495	1	4	15	4
1496	1	4	15	5
1497	1	4	15	6
1498	1	4	15	7
1499	1	4	15	8
1500	1	4	15	9
1501	1	4	15	10
1502	1	4	15	11
1503	1	4	15	12
1504	1	4	15	13
1505	1	4	15	14
1506	1	4	15	15
1507	1	4	15	16
1508	1	4	15	17
1509	1	4	15	18
1510	1	4	15	19
1511	1	4	15	20
1512	1	4	15	21
1513	1	4	16	1
1514	1	4	16	2
1515	1	4	16	3
1516	1	4	16	4
1517	1	4	16	5
1518	1	4	16	6
1519	1	4	16	7
1520	1	4	16	8
1521	1	4	16	9
1522	1	4	16	10
1523	1	4	16	11
1524	1	4	16	12
1525	1	4	16	13
1526	1	4	16	14
1527	1	4	16	15
1528	1	4	16	16
1529	1	4	16	17
1530	1	4	16	18
1531	1	4	16	19
1532	1	4	16	20
1533	1	4	16	21
1534	1	4	17	1
1535	1	4	17	2
1536	1	4	17	3
1537	1	4	17	4
1538	1	4	17	5
1539	1	4	17	6
1540	1	4	17	7
1541	1	4	17	8
1542	1	4	17	9
1543	1	4	17	10
1544	1	4	17	11
1545	1	4	17	12
1546	1	4	17	13
1547	1	4	17	14
1548	1	4	17	15
1549	1	4	17	16
1550	1	4	17	17
1551	1	4	17	18
1552	1	4	17	19
1553	1	4	17	20
1554	1	4	17	21
1555	1	4	18	1
1556	1	4	18	2
1557	1	4	18	3
1558	1	4	18	4
1559	1	4	18	5
1560	1	4	18	6
1561	1	4	18	7
1562	1	4	18	8
1563	1	4	18	9
1564	1	4	18	10
1565	1	4	18	11
1566	1	4	18	12
1567	1	4	18	13
1568	1	4	18	14
1569	1	4	18	15
1570	1	4	18	16
1571	1	4	18	17
1572	1	4	18	18
1573	1	4	18	19
1574	1	4	18	20
1575	1	4	18	21
1576	1	4	19	1
1577	1	4	19	2
1578	1	4	19	3
1579	1	4	19	4
1580	1	4	19	5
1581	1	4	19	6
1582	1	4	19	7
1583	1	4	19	8
1584	1	4	19	9
1585	1	4	19	10
1586	1	4	19	11
1587	1	4	19	12
1588	1	4	19	13
1589	1	4	19	14
1590	1	4	19	15
1591	1	4	19	16
1592	1	4	19	17
1593	1	4	19	18
1594	1	4	19	19
1595	1	4	19	20
1596	1	4	19	21
1597	2	1	1	1
1598	2	1	1	2
1599	2	1	1	3
1600	2	1	1	4
1601	2	1	1	5
1602	2	1	1	6
1603	2	1	1	7
1604	2	1	1	8
1605	2	1	1	9
1606	2	1	1	10
1607	2	1	1	11
1608	2	1	1	12
1609	2	1	1	13
1610	2	1	1	14
1611	2	1	1	15
1612	2	1	1	16
1613	2	1	1	17
1614	2	1	1	18
1615	2	1	1	19
1616	2	1	1	20
1617	2	1	1	21
1618	2	1	2	1
1619	2	1	2	2
1620	2	1	2	3
1621	2	1	2	4
1622	2	1	2	5
1623	2	1	2	6
1624	2	1	2	7
1625	2	1	2	8
1626	2	1	2	9
1627	2	1	2	10
1628	2	1	2	11
1629	2	1	2	12
1630	2	1	2	13
1631	2	1	2	14
1632	2	1	2	15
1633	2	1	2	16
1634	2	1	2	17
1635	2	1	2	18
1636	2	1	2	19
1637	2	1	2	20
1638	2	1	2	21
1639	2	1	3	1
1640	2	1	3	2
1641	2	1	3	3
1642	2	1	3	4
1643	2	1	3	5
1644	2	1	3	6
1645	2	1	3	7
1646	2	1	3	8
1647	2	1	3	9
1648	2	1	3	10
1649	2	1	3	11
1650	2	1	3	12
1651	2	1	3	13
1652	2	1	3	14
1653	2	1	3	15
1654	2	1	3	16
1655	2	1	3	17
1656	2	1	3	18
1657	2	1	3	19
1658	2	1	3	20
1659	2	1	3	21
1660	2	1	4	1
1661	2	1	4	2
1662	2	1	4	3
1663	2	1	4	4
1664	2	1	4	5
1665	2	1	4	6
1666	2	1	4	7
1667	2	1	4	8
1668	2	1	4	9
1669	2	1	4	10
1670	2	1	4	11
1671	2	1	4	12
1672	2	1	4	13
1673	2	1	4	14
1674	2	1	4	15
1675	2	1	4	16
1676	2	1	4	17
1677	2	1	4	18
1678	2	1	4	19
1679	2	1	4	20
1680	2	1	4	21
1681	2	1	5	1
1682	2	1	5	2
1683	2	1	5	3
1684	2	1	5	4
1685	2	1	5	5
1686	2	1	5	6
1687	2	1	5	7
1688	2	1	5	8
1689	2	1	5	9
1690	2	1	5	10
1691	2	1	5	11
1692	2	1	5	12
1693	2	1	5	13
1694	2	1	5	14
1695	2	1	5	15
1696	2	1	5	16
1697	2	1	5	17
1698	2	1	5	18
1699	2	1	5	19
1700	2	1	5	20
1701	2	1	5	21
1702	2	1	6	1
1703	2	1	6	2
1704	2	1	6	3
1705	2	1	6	4
1706	2	1	6	5
1707	2	1	6	6
1708	2	1	6	7
1709	2	1	6	8
1710	2	1	6	9
1711	2	1	6	10
1712	2	1	6	11
1713	2	1	6	12
1714	2	1	6	13
1715	2	1	6	14
1716	2	1	6	15
1717	2	1	6	16
1718	2	1	6	17
1719	2	1	6	18
1720	2	1	6	19
1721	2	1	6	20
1722	2	1	6	21
1723	2	1	7	1
1724	2	1	7	2
1725	2	1	7	3
1726	2	1	7	4
1727	2	1	7	5
1728	2	1	7	6
1729	2	1	7	7
1730	2	1	7	8
1731	2	1	7	9
1732	2	1	7	10
1733	2	1	7	11
1734	2	1	7	12
1735	2	1	7	13
1736	2	1	7	14
1737	2	1	7	15
1738	2	1	7	16
1739	2	1	7	17
1740	2	1	7	18
1741	2	1	7	19
1742	2	1	7	20
1743	2	1	7	21
1744	2	1	8	1
1745	2	1	8	2
1746	2	1	8	3
1747	2	1	8	4
1748	2	1	8	5
1749	2	1	8	6
1750	2	1	8	7
1751	2	1	8	8
1752	2	1	8	9
1753	2	1	8	10
1754	2	1	8	11
1755	2	1	8	12
1756	2	1	8	13
1757	2	1	8	14
1758	2	1	8	15
1759	2	1	8	16
1760	2	1	8	17
1761	2	1	8	18
1762	2	1	8	19
1763	2	1	8	20
1764	2	1	8	21
1765	2	1	9	1
1766	2	1	9	2
1767	2	1	9	3
1768	2	1	9	4
1769	2	1	9	5
1770	2	1	9	6
1771	2	1	9	7
1772	2	1	9	8
1773	2	1	9	9
1774	2	1	9	10
1775	2	1	9	11
1776	2	1	9	12
1777	2	1	9	13
1778	2	1	9	14
1779	2	1	9	15
1780	2	1	9	16
1781	2	1	9	17
1782	2	1	9	18
1783	2	1	9	19
1784	2	1	9	20
1785	2	1	9	21
1786	2	1	10	1
1787	2	1	10	2
1788	2	1	10	3
1789	2	1	10	4
1790	2	1	10	5
1791	2	1	10	6
1792	2	1	10	7
1793	2	1	10	8
1794	2	1	10	9
1795	2	1	10	10
1796	2	1	10	11
1797	2	1	10	12
1798	2	1	10	13
1799	2	1	10	14
1800	2	1	10	15
1801	2	1	10	16
1802	2	1	10	17
1803	2	1	10	18
1804	2	1	10	19
1805	2	1	10	20
1806	2	1	10	21
1807	2	1	11	1
1808	2	1	11	2
1809	2	1	11	3
1810	2	1	11	4
1811	2	1	11	5
1812	2	1	11	6
1813	2	1	11	7
1814	2	1	11	8
1815	2	1	11	9
1816	2	1	11	10
1817	2	1	11	11
1818	2	1	11	12
1819	2	1	11	13
1820	2	1	11	14
1821	2	1	11	15
1822	2	1	11	16
1823	2	1	11	17
1824	2	1	11	18
1825	2	1	11	19
1826	2	1	11	20
1827	2	1	11	21
1828	2	1	12	1
1829	2	1	12	2
1830	2	1	12	3
1831	2	1	12	4
1832	2	1	12	5
1833	2	1	12	6
1834	2	1	12	7
1835	2	1	12	8
1836	2	1	12	9
1837	2	1	12	10
1838	2	1	12	11
1839	2	1	12	12
1840	2	1	12	13
1841	2	1	12	14
1842	2	1	12	15
1843	2	1	12	16
1844	2	1	12	17
1845	2	1	12	18
1846	2	1	12	19
1847	2	1	12	20
1848	2	1	12	21
1849	2	1	13	1
1850	2	1	13	2
1851	2	1	13	3
1852	2	1	13	4
1853	2	1	13	5
1854	2	1	13	6
1855	2	1	13	7
1856	2	1	13	8
1857	2	1	13	9
1858	2	1	13	10
1859	2	1	13	11
1860	2	1	13	12
1861	2	1	13	13
1862	2	1	13	14
1863	2	1	13	15
1864	2	1	13	16
1865	2	1	13	17
1866	2	1	13	18
1867	2	1	13	19
1868	2	1	13	20
1869	2	1	13	21
1870	2	1	14	1
1871	2	1	14	2
1872	2	1	14	3
1873	2	1	14	4
1874	2	1	14	5
1875	2	1	14	6
1876	2	1	14	7
1877	2	1	14	8
1878	2	1	14	9
1879	2	1	14	10
1880	2	1	14	11
1881	2	1	14	12
1882	2	1	14	13
1883	2	1	14	14
1884	2	1	14	15
1885	2	1	14	16
1886	2	1	14	17
1887	2	1	14	18
1888	2	1	14	19
1889	2	1	14	20
1890	2	1	14	21
1891	2	1	15	1
1892	2	1	15	2
1893	2	1	15	3
1894	2	1	15	4
1895	2	1	15	5
1896	2	1	15	6
1897	2	1	15	7
1898	2	1	15	8
1899	2	1	15	9
1900	2	1	15	10
1901	2	1	15	11
1902	2	1	15	12
1903	2	1	15	13
1904	2	1	15	14
1905	2	1	15	15
1906	2	1	15	16
1907	2	1	15	17
1908	2	1	15	18
1909	2	1	15	19
1910	2	1	15	20
1911	2	1	15	21
1912	2	1	16	1
1913	2	1	16	2
1914	2	1	16	3
1915	2	1	16	4
1916	2	1	16	5
1917	2	1	16	6
1918	2	1	16	7
1919	2	1	16	8
1920	2	1	16	9
1921	2	1	16	10
1922	2	1	16	11
1923	2	1	16	12
1924	2	1	16	13
1925	2	1	16	14
1926	2	1	16	15
1927	2	1	16	16
1928	2	1	16	17
1929	2	1	16	18
1930	2	1	16	19
1931	2	1	16	20
1932	2	1	16	21
1933	2	1	17	1
1934	2	1	17	2
1935	2	1	17	3
1936	2	1	17	4
1937	2	1	17	5
1938	2	1	17	6
1939	2	1	17	7
1940	2	1	17	8
1941	2	1	17	9
1942	2	1	17	10
1943	2	1	17	11
1944	2	1	17	12
1945	2	1	17	13
1946	2	1	17	14
1947	2	1	17	15
1948	2	1	17	16
1949	2	1	17	17
1950	2	1	17	18
1951	2	1	17	19
1952	2	1	17	20
1953	2	1	17	21
1954	2	1	18	1
1955	2	1	18	2
1956	2	1	18	3
1957	2	1	18	4
1958	2	1	18	5
1959	2	1	18	6
1960	2	1	18	7
1961	2	1	18	8
1962	2	1	18	9
1963	2	1	18	10
1964	2	1	18	11
1965	2	1	18	12
1966	2	1	18	13
1967	2	1	18	14
1968	2	1	18	15
1969	2	1	18	16
1970	2	1	18	17
1971	2	1	18	18
1972	2	1	18	19
1973	2	1	18	20
1974	2	1	18	21
1975	2	1	19	1
1976	2	1	19	2
1977	2	1	19	3
1978	2	1	19	4
1979	2	1	19	5
1980	2	1	19	6
1981	2	1	19	7
1982	2	1	19	8
1983	2	1	19	9
1984	2	1	19	10
1985	2	1	19	11
1986	2	1	19	12
1987	2	1	19	13
1988	2	1	19	14
1989	2	1	19	15
1990	2	1	19	16
1991	2	1	19	17
1992	2	1	19	18
1993	2	1	19	19
1994	2	1	19	20
1995	2	1	19	21
1996	2	2	1	1
1997	2	2	1	2
1998	2	2	1	3
1999	2	2	1	4
2000	2	2	1	5
2001	2	2	1	6
2002	2	2	1	7
2003	2	2	1	8
2004	2	2	1	9
2005	2	2	1	10
2006	2	2	1	11
2007	2	2	1	12
2008	2	2	1	13
2009	2	2	1	14
2010	2	2	1	15
2011	2	2	1	16
2012	2	2	1	17
2013	2	2	1	18
2014	2	2	1	19
2015	2	2	1	20
2016	2	2	1	21
2017	2	2	2	1
2018	2	2	2	2
2019	2	2	2	3
2020	2	2	2	4
2021	2	2	2	5
2022	2	2	2	6
2023	2	2	2	7
2024	2	2	2	8
2025	2	2	2	9
2026	2	2	2	10
2027	2	2	2	11
2028	2	2	2	12
2029	2	2	2	13
2030	2	2	2	14
2031	2	2	2	15
2032	2	2	2	16
2033	2	2	2	17
2034	2	2	2	18
2035	2	2	2	19
2036	2	2	2	20
2037	2	2	2	21
2038	2	2	3	1
2039	2	2	3	2
2040	2	2	3	3
2041	2	2	3	4
2042	2	2	3	5
2043	2	2	3	6
2044	2	2	3	7
2045	2	2	3	8
2046	2	2	3	9
2047	2	2	3	10
2048	2	2	3	11
2049	2	2	3	12
2050	2	2	3	13
2051	2	2	3	14
2052	2	2	3	15
2053	2	2	3	16
2054	2	2	3	17
2055	2	2	3	18
2056	2	2	3	19
2057	2	2	3	20
2058	2	2	3	21
2059	2	2	4	1
2060	2	2	4	2
2061	2	2	4	3
2062	2	2	4	4
2063	2	2	4	5
2064	2	2	4	6
2065	2	2	4	7
2066	2	2	4	8
2067	2	2	4	9
2068	2	2	4	10
2069	2	2	4	11
2070	2	2	4	12
2071	2	2	4	13
2072	2	2	4	14
2073	2	2	4	15
2074	2	2	4	16
2075	2	2	4	17
2076	2	2	4	18
2077	2	2	4	19
2078	2	2	4	20
2079	2	2	4	21
2080	2	2	5	1
2081	2	2	5	2
2082	2	2	5	3
2083	2	2	5	4
2084	2	2	5	5
2085	2	2	5	6
2086	2	2	5	7
2087	2	2	5	8
2088	2	2	5	9
2089	2	2	5	10
2090	2	2	5	11
2091	2	2	5	12
2092	2	2	5	13
2093	2	2	5	14
2094	2	2	5	15
2095	2	2	5	16
2096	2	2	5	17
2097	2	2	5	18
2098	2	2	5	19
2099	2	2	5	20
2100	2	2	5	21
2101	2	2	6	1
2102	2	2	6	2
2103	2	2	6	3
2104	2	2	6	4
2105	2	2	6	5
2106	2	2	6	6
2107	2	2	6	7
2108	2	2	6	8
2109	2	2	6	9
2110	2	2	6	10
2111	2	2	6	11
2112	2	2	6	12
2113	2	2	6	13
2114	2	2	6	14
2115	2	2	6	15
2116	2	2	6	16
2117	2	2	6	17
2118	2	2	6	18
2119	2	2	6	19
2120	2	2	6	20
2121	2	2	6	21
2122	2	2	7	1
2123	2	2	7	2
2124	2	2	7	3
2125	2	2	7	4
2126	2	2	7	5
2127	2	2	7	6
2128	2	2	7	7
2129	2	2	7	8
2130	2	2	7	9
2131	2	2	7	10
2132	2	2	7	11
2133	2	2	7	12
2134	2	2	7	13
2135	2	2	7	14
2136	2	2	7	15
2137	2	2	7	16
2138	2	2	7	17
2139	2	2	7	18
2140	2	2	7	19
2141	2	2	7	20
2142	2	2	7	21
2143	2	2	8	1
2144	2	2	8	2
2145	2	2	8	3
2146	2	2	8	4
2147	2	2	8	5
2148	2	2	8	6
2149	2	2	8	7
2150	2	2	8	8
2151	2	2	8	9
2152	2	2	8	10
2153	2	2	8	11
2154	2	2	8	12
2155	2	2	8	13
2156	2	2	8	14
2157	2	2	8	15
2158	2	2	8	16
2159	2	2	8	17
2160	2	2	8	18
2161	2	2	8	19
2162	2	2	8	20
2163	2	2	8	21
2164	2	2	9	1
2165	2	2	9	2
2166	2	2	9	3
2167	2	2	9	4
2168	2	2	9	5
2169	2	2	9	6
2170	2	2	9	7
2171	2	2	9	8
2172	2	2	9	9
2173	2	2	9	10
2174	2	2	9	11
2175	2	2	9	12
2176	2	2	9	13
2177	2	2	9	14
2178	2	2	9	15
2179	2	2	9	16
2180	2	2	9	17
2181	2	2	9	18
2182	2	2	9	19
2183	2	2	9	20
2184	2	2	9	21
2185	2	2	10	1
2186	2	2	10	2
2187	2	2	10	3
2188	2	2	10	4
2189	2	2	10	5
2190	2	2	10	6
2191	2	2	10	7
2192	2	2	10	8
2193	2	2	10	9
2194	2	2	10	10
2195	2	2	10	11
2196	2	2	10	12
2197	2	2	10	13
2198	2	2	10	14
2199	2	2	10	15
2200	2	2	10	16
2201	2	2	10	17
2202	2	2	10	18
2203	2	2	10	19
2204	2	2	10	20
2205	2	2	10	21
2206	2	2	11	1
2207	2	2	11	2
2208	2	2	11	3
2209	2	2	11	4
2210	2	2	11	5
2211	2	2	11	6
2212	2	2	11	7
2213	2	2	11	8
2214	2	2	11	9
2215	2	2	11	10
2216	2	2	11	11
2217	2	2	11	12
2218	2	2	11	13
2219	2	2	11	14
2220	2	2	11	15
2221	2	2	11	16
2222	2	2	11	17
2223	2	2	11	18
2224	2	2	11	19
2225	2	2	11	20
2226	2	2	11	21
2227	2	2	12	1
2228	2	2	12	2
2229	2	2	12	3
2230	2	2	12	4
2231	2	2	12	5
2232	2	2	12	6
2233	2	2	12	7
2234	2	2	12	8
2235	2	2	12	9
2236	2	2	12	10
2237	2	2	12	11
2238	2	2	12	12
2239	2	2	12	13
2240	2	2	12	14
2241	2	2	12	15
2242	2	2	12	16
2243	2	2	12	17
2244	2	2	12	18
2245	2	2	12	19
2246	2	2	12	20
2247	2	2	12	21
2248	2	2	13	1
2249	2	2	13	2
2250	2	2	13	3
2251	2	2	13	4
2252	2	2	13	5
2253	2	2	13	6
2254	2	2	13	7
2255	2	2	13	8
2256	2	2	13	9
2257	2	2	13	10
2258	2	2	13	11
2259	2	2	13	12
2260	2	2	13	13
2261	2	2	13	14
2262	2	2	13	15
2263	2	2	13	16
2264	2	2	13	17
2265	2	2	13	18
2266	2	2	13	19
2267	2	2	13	20
2268	2	2	13	21
2269	2	2	14	1
2270	2	2	14	2
2271	2	2	14	3
2272	2	2	14	4
2273	2	2	14	5
2274	2	2	14	6
2275	2	2	14	7
2276	2	2	14	8
2277	2	2	14	9
2278	2	2	14	10
2279	2	2	14	11
2280	2	2	14	12
2281	2	2	14	13
2282	2	2	14	14
2283	2	2	14	15
2284	2	2	14	16
2285	2	2	14	17
2286	2	2	14	18
2287	2	2	14	19
2288	2	2	14	20
2289	2	2	14	21
2290	2	2	15	1
2291	2	2	15	2
2292	2	2	15	3
2293	2	2	15	4
2294	2	2	15	5
2295	2	2	15	6
2296	2	2	15	7
2297	2	2	15	8
2298	2	2	15	9
2299	2	2	15	10
2300	2	2	15	11
2301	2	2	15	12
2302	2	2	15	13
2303	2	2	15	14
2304	2	2	15	15
2305	2	2	15	16
2306	2	2	15	17
2307	2	2	15	18
2308	2	2	15	19
2309	2	2	15	20
2310	2	2	15	21
2311	2	2	16	1
2312	2	2	16	2
2313	2	2	16	3
2314	2	2	16	4
2315	2	2	16	5
2316	2	2	16	6
2317	2	2	16	7
2318	2	2	16	8
2319	2	2	16	9
2320	2	2	16	10
2321	2	2	16	11
2322	2	2	16	12
2323	2	2	16	13
2324	2	2	16	14
2325	2	2	16	15
2326	2	2	16	16
2327	2	2	16	17
2328	2	2	16	18
2329	2	2	16	19
2330	2	2	16	20
2331	2	2	16	21
2332	2	2	17	1
2333	2	2	17	2
2334	2	2	17	3
2335	2	2	17	4
2336	2	2	17	5
2337	2	2	17	6
2338	2	2	17	7
2339	2	2	17	8
2340	2	2	17	9
2341	2	2	17	10
2342	2	2	17	11
2343	2	2	17	12
2344	2	2	17	13
2345	2	2	17	14
2346	2	2	17	15
2347	2	2	17	16
2348	2	2	17	17
2349	2	2	17	18
2350	2	2	17	19
2351	2	2	17	20
2352	2	2	17	21
2353	2	2	18	1
2354	2	2	18	2
2355	2	2	18	3
2356	2	2	18	4
2357	2	2	18	5
2358	2	2	18	6
2359	2	2	18	7
2360	2	2	18	8
2361	2	2	18	9
2362	2	2	18	10
2363	2	2	18	11
2364	2	2	18	12
2365	2	2	18	13
2366	2	2	18	14
2367	2	2	18	15
2368	2	2	18	16
2369	2	2	18	17
2370	2	2	18	18
2371	2	2	18	19
2372	2	2	18	20
2373	2	2	18	21
2374	2	2	19	1
2375	2	2	19	2
2376	2	2	19	3
2377	2	2	19	4
2378	2	2	19	5
2379	2	2	19	6
2380	2	2	19	7
2381	2	2	19	8
2382	2	2	19	9
2383	2	2	19	10
2384	2	2	19	11
2385	2	2	19	12
2386	2	2	19	13
2387	2	2	19	14
2388	2	2	19	15
2389	2	2	19	16
2390	2	2	19	17
2391	2	2	19	18
2392	2	2	19	19
2393	2	2	19	20
2394	2	2	19	21
2395	2	3	1	1
2396	2	3	1	2
2397	2	3	1	3
2398	2	3	1	4
2399	2	3	1	5
2400	2	3	1	6
2401	2	3	1	7
2402	2	3	1	8
2403	2	3	1	9
2404	2	3	1	10
2405	2	3	1	11
2406	2	3	1	12
2407	2	3	1	13
2408	2	3	1	14
2409	2	3	1	15
2410	2	3	1	16
2411	2	3	1	17
2412	2	3	1	18
2413	2	3	1	19
2414	2	3	1	20
2415	2	3	1	21
2416	2	3	2	1
2417	2	3	2	2
2418	2	3	2	3
2419	2	3	2	4
2420	2	3	2	5
2421	2	3	2	6
2422	2	3	2	7
2423	2	3	2	8
2424	2	3	2	9
2425	2	3	2	10
2426	2	3	2	11
2427	2	3	2	12
2428	2	3	2	13
2429	2	3	2	14
2430	2	3	2	15
2431	2	3	2	16
2432	2	3	2	17
2433	2	3	2	18
2434	2	3	2	19
2435	2	3	2	20
2436	2	3	2	21
2437	2	3	3	1
2438	2	3	3	2
2439	2	3	3	3
2440	2	3	3	4
2441	2	3	3	5
2442	2	3	3	6
2443	2	3	3	7
2444	2	3	3	8
2445	2	3	3	9
2446	2	3	3	10
2447	2	3	3	11
2448	2	3	3	12
2449	2	3	3	13
2450	2	3	3	14
2451	2	3	3	15
2452	2	3	3	16
2453	2	3	3	17
2454	2	3	3	18
2455	2	3	3	19
2456	2	3	3	20
2457	2	3	3	21
2458	2	3	4	1
2459	2	3	4	2
2460	2	3	4	3
2461	2	3	4	4
2462	2	3	4	5
2463	2	3	4	6
2464	2	3	4	7
2465	2	3	4	8
2466	2	3	4	9
2467	2	3	4	10
2468	2	3	4	11
2469	2	3	4	12
2470	2	3	4	13
2471	2	3	4	14
2472	2	3	4	15
2473	2	3	4	16
2474	2	3	4	17
2475	2	3	4	18
2476	2	3	4	19
2477	2	3	4	20
2478	2	3	4	21
2479	2	3	5	1
2480	2	3	5	2
2481	2	3	5	3
2482	2	3	5	4
2483	2	3	5	5
2484	2	3	5	6
2485	2	3	5	7
2486	2	3	5	8
2487	2	3	5	9
2488	2	3	5	10
2489	2	3	5	11
2490	2	3	5	12
2491	2	3	5	13
2492	2	3	5	14
2493	2	3	5	15
2494	2	3	5	16
2495	2	3	5	17
2496	2	3	5	18
2497	2	3	5	19
2498	2	3	5	20
2499	2	3	5	21
2500	2	3	6	1
2501	2	3	6	2
2502	2	3	6	3
2503	2	3	6	4
2504	2	3	6	5
2505	2	3	6	6
2506	2	3	6	7
2507	2	3	6	8
2508	2	3	6	9
2509	2	3	6	10
2510	2	3	6	11
2511	2	3	6	12
2512	2	3	6	13
2513	2	3	6	14
2514	2	3	6	15
2515	2	3	6	16
2516	2	3	6	17
2517	2	3	6	18
2518	2	3	6	19
2519	2	3	6	20
2520	2	3	6	21
2521	2	3	7	1
2522	2	3	7	2
2523	2	3	7	3
2524	2	3	7	4
2525	2	3	7	5
2526	2	3	7	6
2527	2	3	7	7
2528	2	3	7	8
2529	2	3	7	9
2530	2	3	7	10
2531	2	3	7	11
2532	2	3	7	12
2533	2	3	7	13
2534	2	3	7	14
2535	2	3	7	15
2536	2	3	7	16
2537	2	3	7	17
2538	2	3	7	18
2539	2	3	7	19
2540	2	3	7	20
2541	2	3	7	21
2542	2	3	8	1
2543	2	3	8	2
2544	2	3	8	3
2545	2	3	8	4
2546	2	3	8	5
2547	2	3	8	6
2548	2	3	8	7
2549	2	3	8	8
2550	2	3	8	9
2551	2	3	8	10
2552	2	3	8	11
2553	2	3	8	12
2554	2	3	8	13
2555	2	3	8	14
2556	2	3	8	15
2557	2	3	8	16
2558	2	3	8	17
2559	2	3	8	18
2560	2	3	8	19
2561	2	3	8	20
2562	2	3	8	21
2563	2	3	9	1
2564	2	3	9	2
2565	2	3	9	3
2566	2	3	9	4
2567	2	3	9	5
2568	2	3	9	6
2569	2	3	9	7
2570	2	3	9	8
2571	2	3	9	9
2572	2	3	9	10
2573	2	3	9	11
2574	2	3	9	12
2575	2	3	9	13
2576	2	3	9	14
2577	2	3	9	15
2578	2	3	9	16
2579	2	3	9	17
2580	2	3	9	18
2581	2	3	9	19
2582	2	3	9	20
2583	2	3	9	21
2584	2	3	10	1
2585	2	3	10	2
2586	2	3	10	3
2587	2	3	10	4
2588	2	3	10	5
2589	2	3	10	6
2590	2	3	10	7
2591	2	3	10	8
2592	2	3	10	9
2593	2	3	10	10
2594	2	3	10	11
2595	2	3	10	12
2596	2	3	10	13
2597	2	3	10	14
2598	2	3	10	15
2599	2	3	10	16
2600	2	3	10	17
2601	2	3	10	18
2602	2	3	10	19
2603	2	3	10	20
2604	2	3	10	21
2605	2	3	11	1
2606	2	3	11	2
2607	2	3	11	3
2608	2	3	11	4
2609	2	3	11	5
2610	2	3	11	6
2611	2	3	11	7
2612	2	3	11	8
2613	2	3	11	9
2614	2	3	11	10
2615	2	3	11	11
2616	2	3	11	12
2617	2	3	11	13
2618	2	3	11	14
2619	2	3	11	15
2620	2	3	11	16
2621	2	3	11	17
2622	2	3	11	18
2623	2	3	11	19
2624	2	3	11	20
2625	2	3	11	21
2626	2	3	12	1
2627	2	3	12	2
2628	2	3	12	3
2629	2	3	12	4
2630	2	3	12	5
2631	2	3	12	6
2632	2	3	12	7
2633	2	3	12	8
2634	2	3	12	9
2635	2	3	12	10
2636	2	3	12	11
2637	2	3	12	12
2638	2	3	12	13
2639	2	3	12	14
2640	2	3	12	15
2641	2	3	12	16
2642	2	3	12	17
2643	2	3	12	18
2644	2	3	12	19
2645	2	3	12	20
2646	2	3	12	21
2647	2	3	13	1
2648	2	3	13	2
2649	2	3	13	3
2650	2	3	13	4
2651	2	3	13	5
2652	2	3	13	6
2653	2	3	13	7
2654	2	3	13	8
2655	2	3	13	9
2656	2	3	13	10
2657	2	3	13	11
2658	2	3	13	12
2659	2	3	13	13
2660	2	3	13	14
2661	2	3	13	15
2662	2	3	13	16
2663	2	3	13	17
2664	2	3	13	18
2665	2	3	13	19
2666	2	3	13	20
2667	2	3	13	21
2668	2	3	14	1
2669	2	3	14	2
2670	2	3	14	3
2671	2	3	14	4
2672	2	3	14	5
2673	2	3	14	6
2674	2	3	14	7
2675	2	3	14	8
2676	2	3	14	9
2677	2	3	14	10
2678	2	3	14	11
2679	2	3	14	12
2680	2	3	14	13
2681	2	3	14	14
2682	2	3	14	15
2683	2	3	14	16
2684	2	3	14	17
2685	2	3	14	18
2686	2	3	14	19
2687	2	3	14	20
2688	2	3	14	21
2689	2	3	15	1
2690	2	3	15	2
2691	2	3	15	3
2692	2	3	15	4
2693	2	3	15	5
2694	2	3	15	6
2695	2	3	15	7
2696	2	3	15	8
2697	2	3	15	9
2698	2	3	15	10
2699	2	3	15	11
2700	2	3	15	12
2701	2	3	15	13
2702	2	3	15	14
2703	2	3	15	15
2704	2	3	15	16
2705	2	3	15	17
2706	2	3	15	18
2707	2	3	15	19
2708	2	3	15	20
2709	2	3	15	21
2710	2	3	16	1
2711	2	3	16	2
2712	2	3	16	3
2713	2	3	16	4
2714	2	3	16	5
2715	2	3	16	6
2716	2	3	16	7
2717	2	3	16	8
2718	2	3	16	9
2719	2	3	16	10
2720	2	3	16	11
2721	2	3	16	12
2722	2	3	16	13
2723	2	3	16	14
2724	2	3	16	15
2725	2	3	16	16
2726	2	3	16	17
2727	2	3	16	18
2728	2	3	16	19
2729	2	3	16	20
2730	2	3	16	21
2731	2	3	17	1
2732	2	3	17	2
2733	2	3	17	3
2734	2	3	17	4
2735	2	3	17	5
2736	2	3	17	6
2737	2	3	17	7
2738	2	3	17	8
2739	2	3	17	9
2740	2	3	17	10
2741	2	3	17	11
2742	2	3	17	12
2743	2	3	17	13
2744	2	3	17	14
2745	2	3	17	15
2746	2	3	17	16
2747	2	3	17	17
2748	2	3	17	18
2749	2	3	17	19
2750	2	3	17	20
2751	2	3	17	21
2752	2	3	18	1
2753	2	3	18	2
2754	2	3	18	3
2755	2	3	18	4
2756	2	3	18	5
2757	2	3	18	6
2758	2	3	18	7
2759	2	3	18	8
2760	2	3	18	9
2761	2	3	18	10
2762	2	3	18	11
2763	2	3	18	12
2764	2	3	18	13
2765	2	3	18	14
2766	2	3	18	15
2767	2	3	18	16
2768	2	3	18	17
2769	2	3	18	18
2770	2	3	18	19
2771	2	3	18	20
2772	2	3	18	21
2773	2	3	19	1
2774	2	3	19	2
2775	2	3	19	3
2776	2	3	19	4
2777	2	3	19	5
2778	2	3	19	6
2779	2	3	19	7
2780	2	3	19	8
2781	2	3	19	9
2782	2	3	19	10
2783	2	3	19	11
2784	2	3	19	12
2785	2	3	19	13
2786	2	3	19	14
2787	2	3	19	15
2788	2	3	19	16
2789	2	3	19	17
2790	2	3	19	18
2791	2	3	19	19
2792	2	3	19	20
2793	2	3	19	21
2794	2	4	1	1
2795	2	4	1	2
2796	2	4	1	3
2797	2	4	1	4
2798	2	4	1	5
2799	2	4	1	6
2800	2	4	1	7
2801	2	4	1	8
2802	2	4	1	9
2803	2	4	1	10
2804	2	4	1	11
2805	2	4	1	12
2806	2	4	1	13
2807	2	4	1	14
2808	2	4	1	15
2809	2	4	1	16
2810	2	4	1	17
2811	2	4	1	18
2812	2	4	1	19
2813	2	4	1	20
2814	2	4	1	21
2815	2	4	2	1
2816	2	4	2	2
2817	2	4	2	3
2818	2	4	2	4
2819	2	4	2	5
2820	2	4	2	6
2821	2	4	2	7
2822	2	4	2	8
2823	2	4	2	9
2824	2	4	2	10
2825	2	4	2	11
2826	2	4	2	12
2827	2	4	2	13
2828	2	4	2	14
2829	2	4	2	15
2830	2	4	2	16
2831	2	4	2	17
2832	2	4	2	18
2833	2	4	2	19
2834	2	4	2	20
2835	2	4	2	21
2836	2	4	3	1
2837	2	4	3	2
2838	2	4	3	3
2839	2	4	3	4
2840	2	4	3	5
2841	2	4	3	6
2842	2	4	3	7
2843	2	4	3	8
2844	2	4	3	9
2845	2	4	3	10
2846	2	4	3	11
2847	2	4	3	12
2848	2	4	3	13
2849	2	4	3	14
2850	2	4	3	15
2851	2	4	3	16
2852	2	4	3	17
2853	2	4	3	18
2854	2	4	3	19
2855	2	4	3	20
2856	2	4	3	21
2857	2	4	4	1
2858	2	4	4	2
2859	2	4	4	3
2860	2	4	4	4
2861	2	4	4	5
2862	2	4	4	6
2863	2	4	4	7
2864	2	4	4	8
2865	2	4	4	9
2866	2	4	4	10
2867	2	4	4	11
2868	2	4	4	12
2869	2	4	4	13
2870	2	4	4	14
2871	2	4	4	15
2872	2	4	4	16
2873	2	4	4	17
2874	2	4	4	18
2875	2	4	4	19
2876	2	4	4	20
2877	2	4	4	21
2878	2	4	5	1
2879	2	4	5	2
2880	2	4	5	3
2881	2	4	5	4
2882	2	4	5	5
2883	2	4	5	6
2884	2	4	5	7
2885	2	4	5	8
2886	2	4	5	9
2887	2	4	5	10
2888	2	4	5	11
2889	2	4	5	12
2890	2	4	5	13
2891	2	4	5	14
2892	2	4	5	15
2893	2	4	5	16
2894	2	4	5	17
2895	2	4	5	18
2896	2	4	5	19
2897	2	4	5	20
2898	2	4	5	21
2899	2	4	6	1
2900	2	4	6	2
2901	2	4	6	3
2902	2	4	6	4
2903	2	4	6	5
2904	2	4	6	6
2905	2	4	6	7
2906	2	4	6	8
2907	2	4	6	9
2908	2	4	6	10
2909	2	4	6	11
2910	2	4	6	12
2911	2	4	6	13
2912	2	4	6	14
2913	2	4	6	15
2914	2	4	6	16
2915	2	4	6	17
2916	2	4	6	18
2917	2	4	6	19
2918	2	4	6	20
2919	2	4	6	21
2920	2	4	7	1
2921	2	4	7	2
2922	2	4	7	3
2923	2	4	7	4
2924	2	4	7	5
2925	2	4	7	6
2926	2	4	7	7
2927	2	4	7	8
2928	2	4	7	9
2929	2	4	7	10
2930	2	4	7	11
2931	2	4	7	12
2932	2	4	7	13
2933	2	4	7	14
2934	2	4	7	15
2935	2	4	7	16
2936	2	4	7	17
2937	2	4	7	18
2938	2	4	7	19
2939	2	4	7	20
2940	2	4	7	21
2941	2	4	8	1
2942	2	4	8	2
2943	2	4	8	3
2944	2	4	8	4
2945	2	4	8	5
2946	2	4	8	6
2947	2	4	8	7
2948	2	4	8	8
2949	2	4	8	9
2950	2	4	8	10
2951	2	4	8	11
2952	2	4	8	12
2953	2	4	8	13
2954	2	4	8	14
2955	2	4	8	15
2956	2	4	8	16
2957	2	4	8	17
2958	2	4	8	18
2959	2	4	8	19
2960	2	4	8	20
2961	2	4	8	21
2962	2	4	9	1
2963	2	4	9	2
2964	2	4	9	3
2965	2	4	9	4
2966	2	4	9	5
2967	2	4	9	6
2968	2	4	9	7
2969	2	4	9	8
2970	2	4	9	9
2971	2	4	9	10
2972	2	4	9	11
2973	2	4	9	12
2974	2	4	9	13
2975	2	4	9	14
2976	2	4	9	15
2977	2	4	9	16
2978	2	4	9	17
2979	2	4	9	18
2980	2	4	9	19
2981	2	4	9	20
2982	2	4	9	21
2983	2	4	10	1
2984	2	4	10	2
2985	2	4	10	3
2986	2	4	10	4
2987	2	4	10	5
2988	2	4	10	6
2989	2	4	10	7
2990	2	4	10	8
2991	2	4	10	9
2992	2	4	10	10
2993	2	4	10	11
2994	2	4	10	12
2995	2	4	10	13
2996	2	4	10	14
2997	2	4	10	15
2998	2	4	10	16
2999	2	4	10	17
3000	2	4	10	18
3001	2	4	10	19
3002	2	4	10	20
3003	2	4	10	21
3004	2	4	11	1
3005	2	4	11	2
3006	2	4	11	3
3007	2	4	11	4
3008	2	4	11	5
3009	2	4	11	6
3010	2	4	11	7
3011	2	4	11	8
3012	2	4	11	9
3013	2	4	11	10
3014	2	4	11	11
3015	2	4	11	12
3016	2	4	11	13
3017	2	4	11	14
3018	2	4	11	15
3019	2	4	11	16
3020	2	4	11	17
3021	2	4	11	18
3022	2	4	11	19
3023	2	4	11	20
3024	2	4	11	21
3025	2	4	12	1
3026	2	4	12	2
3027	2	4	12	3
3028	2	4	12	4
3029	2	4	12	5
3030	2	4	12	6
3031	2	4	12	7
3032	2	4	12	8
3033	2	4	12	9
3034	2	4	12	10
3035	2	4	12	11
3036	2	4	12	12
3037	2	4	12	13
3038	2	4	12	14
3039	2	4	12	15
3040	2	4	12	16
3041	2	4	12	17
3042	2	4	12	18
3043	2	4	12	19
3044	2	4	12	20
3045	2	4	12	21
3046	2	4	13	1
3047	2	4	13	2
3048	2	4	13	3
3049	2	4	13	4
3050	2	4	13	5
3051	2	4	13	6
3052	2	4	13	7
3053	2	4	13	8
3054	2	4	13	9
3055	2	4	13	10
3056	2	4	13	11
3057	2	4	13	12
3058	2	4	13	13
3059	2	4	13	14
3060	2	4	13	15
3061	2	4	13	16
3062	2	4	13	17
3063	2	4	13	18
3064	2	4	13	19
3065	2	4	13	20
3066	2	4	13	21
3067	2	4	14	1
3068	2	4	14	2
3069	2	4	14	3
3070	2	4	14	4
3071	2	4	14	5
3072	2	4	14	6
3073	2	4	14	7
3074	2	4	14	8
3075	2	4	14	9
3076	2	4	14	10
3077	2	4	14	11
3078	2	4	14	12
3079	2	4	14	13
3080	2	4	14	14
3081	2	4	14	15
3082	2	4	14	16
3083	2	4	14	17
3084	2	4	14	18
3085	2	4	14	19
3086	2	4	14	20
3087	2	4	14	21
3088	2	4	15	1
3089	2	4	15	2
3090	2	4	15	3
3091	2	4	15	4
3092	2	4	15	5
3093	2	4	15	6
3094	2	4	15	7
3095	2	4	15	8
3096	2	4	15	9
3097	2	4	15	10
3098	2	4	15	11
3099	2	4	15	12
3100	2	4	15	13
3101	2	4	15	14
3102	2	4	15	15
3103	2	4	15	16
3104	2	4	15	17
3105	2	4	15	18
3106	2	4	15	19
3107	2	4	15	20
3108	2	4	15	21
3109	2	4	16	1
3110	2	4	16	2
3111	2	4	16	3
3112	2	4	16	4
3113	2	4	16	5
3114	2	4	16	6
3115	2	4	16	7
3116	2	4	16	8
3117	2	4	16	9
3118	2	4	16	10
3119	2	4	16	11
3120	2	4	16	12
3121	2	4	16	13
3122	2	4	16	14
3123	2	4	16	15
3124	2	4	16	16
3125	2	4	16	17
3126	2	4	16	18
3127	2	4	16	19
3128	2	4	16	20
3129	2	4	16	21
3130	2	4	17	1
3131	2	4	17	2
3132	2	4	17	3
3133	2	4	17	4
3134	2	4	17	5
3135	2	4	17	6
3136	2	4	17	7
3137	2	4	17	8
3138	2	4	17	9
3139	2	4	17	10
3140	2	4	17	11
3141	2	4	17	12
3142	2	4	17	13
3143	2	4	17	14
3144	2	4	17	15
3145	2	4	17	16
3146	2	4	17	17
3147	2	4	17	18
3148	2	4	17	19
3149	2	4	17	20
3150	2	4	17	21
3151	2	4	18	1
3152	2	4	18	2
3153	2	4	18	3
3154	2	4	18	4
3155	2	4	18	5
3156	2	4	18	6
3157	2	4	18	7
3158	2	4	18	8
3159	2	4	18	9
3160	2	4	18	10
3161	2	4	18	11
3162	2	4	18	12
3163	2	4	18	13
3164	2	4	18	14
3165	2	4	18	15
3166	2	4	18	16
3167	2	4	18	17
3168	2	4	18	18
3169	2	4	18	19
3170	2	4	18	20
3171	2	4	18	21
3172	2	4	19	1
3173	2	4	19	2
3174	2	4	19	3
3175	2	4	19	4
3176	2	4	19	5
3177	2	4	19	6
3178	2	4	19	7
3179	2	4	19	8
3180	2	4	19	9
3181	2	4	19	10
3182	2	4	19	11
3183	2	4	19	12
3184	2	4	19	13
3185	2	4	19	14
3186	2	4	19	15
3187	2	4	19	16
3188	2	4	19	17
3189	2	4	19	18
3190	2	4	19	19
3191	2	4	19	20
3192	2	4	19	21
3193	3	1	1	1
3194	3	1	1	2
3195	3	1	1	3
3196	3	1	1	4
3197	3	1	1	5
3198	3	1	1	6
3199	3	1	1	7
3200	3	1	1	8
3201	3	1	1	9
3202	3	1	1	10
3203	3	1	1	11
3204	3	1	1	12
3205	3	1	1	13
3206	3	1	1	14
3207	3	1	1	15
3208	3	1	1	16
3209	3	1	1	17
3210	3	1	1	18
3211	3	1	1	19
3212	3	1	1	20
3213	3	1	1	21
3214	3	1	2	1
3215	3	1	2	2
3216	3	1	2	3
3217	3	1	2	4
3218	3	1	2	5
3219	3	1	2	6
3220	3	1	2	7
3221	3	1	2	8
3222	3	1	2	9
3223	3	1	2	10
3224	3	1	2	11
3225	3	1	2	12
3226	3	1	2	13
3227	3	1	2	14
3228	3	1	2	15
3229	3	1	2	16
3230	3	1	2	17
3231	3	1	2	18
3232	3	1	2	19
3233	3	1	2	20
3234	3	1	2	21
3235	3	1	3	1
3236	3	1	3	2
3237	3	1	3	3
3238	3	1	3	4
3239	3	1	3	5
3240	3	1	3	6
3241	3	1	3	7
3242	3	1	3	8
3243	3	1	3	9
3244	3	1	3	10
3245	3	1	3	11
3246	3	1	3	12
3247	3	1	3	13
3248	3	1	3	14
3249	3	1	3	15
3250	3	1	3	16
3251	3	1	3	17
3252	3	1	3	18
3253	3	1	3	19
3254	3	1	3	20
3255	3	1	3	21
3256	3	1	4	1
3257	3	1	4	2
3258	3	1	4	3
3259	3	1	4	4
3260	3	1	4	5
3261	3	1	4	6
3262	3	1	4	7
3263	3	1	4	8
3264	3	1	4	9
3265	3	1	4	10
3266	3	1	4	11
3267	3	1	4	12
3268	3	1	4	13
3269	3	1	4	14
3270	3	1	4	15
3271	3	1	4	16
3272	3	1	4	17
3273	3	1	4	18
3274	3	1	4	19
3275	3	1	4	20
3276	3	1	4	21
3277	3	1	5	1
3278	3	1	5	2
3279	3	1	5	3
3280	3	1	5	4
3281	3	1	5	5
3282	3	1	5	6
3283	3	1	5	7
3284	3	1	5	8
3285	3	1	5	9
3286	3	1	5	10
3287	3	1	5	11
3288	3	1	5	12
3289	3	1	5	13
3290	3	1	5	14
3291	3	1	5	15
3292	3	1	5	16
3293	3	1	5	17
3294	3	1	5	18
3295	3	1	5	19
3296	3	1	5	20
3297	3	1	5	21
3298	3	1	6	1
3299	3	1	6	2
3300	3	1	6	3
3301	3	1	6	4
3302	3	1	6	5
3303	3	1	6	6
3304	3	1	6	7
3305	3	1	6	8
3306	3	1	6	9
3307	3	1	6	10
3308	3	1	6	11
3309	3	1	6	12
3310	3	1	6	13
3311	3	1	6	14
3312	3	1	6	15
3313	3	1	6	16
3314	3	1	6	17
3315	3	1	6	18
3316	3	1	6	19
3317	3	1	6	20
3318	3	1	6	21
3319	3	1	7	1
3320	3	1	7	2
3321	3	1	7	3
3322	3	1	7	4
3323	3	1	7	5
3324	3	1	7	6
3325	3	1	7	7
3326	3	1	7	8
3327	3	1	7	9
3328	3	1	7	10
3329	3	1	7	11
3330	3	1	7	12
3331	3	1	7	13
3332	3	1	7	14
3333	3	1	7	15
3334	3	1	7	16
3335	3	1	7	17
3336	3	1	7	18
3337	3	1	7	19
3338	3	1	7	20
3339	3	1	7	21
3340	3	1	8	1
3341	3	1	8	2
3342	3	1	8	3
3343	3	1	8	4
3344	3	1	8	5
3345	3	1	8	6
3346	3	1	8	7
3347	3	1	8	8
3348	3	1	8	9
3349	3	1	8	10
3350	3	1	8	11
3351	3	1	8	12
3352	3	1	8	13
3353	3	1	8	14
3354	3	1	8	15
3355	3	1	8	16
3356	3	1	8	17
3357	3	1	8	18
3358	3	1	8	19
3359	3	1	8	20
3360	3	1	8	21
3361	3	1	9	1
3362	3	1	9	2
3363	3	1	9	3
3364	3	1	9	4
3365	3	1	9	5
3366	3	1	9	6
3367	3	1	9	7
3368	3	1	9	8
3369	3	1	9	9
3370	3	1	9	10
3371	3	1	9	11
3372	3	1	9	12
3373	3	1	9	13
3374	3	1	9	14
3375	3	1	9	15
3376	3	1	9	16
3377	3	1	9	17
3378	3	1	9	18
3379	3	1	9	19
3380	3	1	9	20
3381	3	1	9	21
3382	3	1	10	1
3383	3	1	10	2
3384	3	1	10	3
3385	3	1	10	4
3386	3	1	10	5
3387	3	1	10	6
3388	3	1	10	7
3389	3	1	10	8
3390	3	1	10	9
3391	3	1	10	10
3392	3	1	10	11
3393	3	1	10	12
3394	3	1	10	13
3395	3	1	10	14
3396	3	1	10	15
3397	3	1	10	16
3398	3	1	10	17
3399	3	1	10	18
3400	3	1	10	19
3401	3	1	10	20
3402	3	1	10	21
3403	3	1	11	1
3404	3	1	11	2
3405	3	1	11	3
3406	3	1	11	4
3407	3	1	11	5
3408	3	1	11	6
3409	3	1	11	7
3410	3	1	11	8
3411	3	1	11	9
3412	3	1	11	10
3413	3	1	11	11
3414	3	1	11	12
3415	3	1	11	13
3416	3	1	11	14
3417	3	1	11	15
3418	3	1	11	16
3419	3	1	11	17
3420	3	1	11	18
3421	3	1	11	19
3422	3	1	11	20
3423	3	1	11	21
3424	3	1	12	1
3425	3	1	12	2
3426	3	1	12	3
3427	3	1	12	4
3428	3	1	12	5
3429	3	1	12	6
3430	3	1	12	7
3431	3	1	12	8
3432	3	1	12	9
3433	3	1	12	10
3434	3	1	12	11
3435	3	1	12	12
3436	3	1	12	13
3437	3	1	12	14
3438	3	1	12	15
3439	3	1	12	16
3440	3	1	12	17
3441	3	1	12	18
3442	3	1	12	19
3443	3	1	12	20
3444	3	1	12	21
3445	3	1	13	1
3446	3	1	13	2
3447	3	1	13	3
3448	3	1	13	4
3449	3	1	13	5
3450	3	1	13	6
3451	3	1	13	7
3452	3	1	13	8
3453	3	1	13	9
3454	3	1	13	10
3455	3	1	13	11
3456	3	1	13	12
3457	3	1	13	13
3458	3	1	13	14
3459	3	1	13	15
3460	3	1	13	16
3461	3	1	13	17
3462	3	1	13	18
3463	3	1	13	19
3464	3	1	13	20
3465	3	1	13	21
3466	3	1	14	1
3467	3	1	14	2
3468	3	1	14	3
3469	3	1	14	4
3470	3	1	14	5
3471	3	1	14	6
3472	3	1	14	7
3473	3	1	14	8
3474	3	1	14	9
3475	3	1	14	10
3476	3	1	14	11
3477	3	1	14	12
3478	3	1	14	13
3479	3	1	14	14
3480	3	1	14	15
3481	3	1	14	16
3482	3	1	14	17
3483	3	1	14	18
3484	3	1	14	19
3485	3	1	14	20
3486	3	1	14	21
3487	3	1	15	1
3488	3	1	15	2
3489	3	1	15	3
3490	3	1	15	4
3491	3	1	15	5
3492	3	1	15	6
3493	3	1	15	7
3494	3	1	15	8
3495	3	1	15	9
3496	3	1	15	10
3497	3	1	15	11
3498	3	1	15	12
3499	3	1	15	13
3500	3	1	15	14
3501	3	1	15	15
3502	3	1	15	16
3503	3	1	15	17
3504	3	1	15	18
3505	3	1	15	19
3506	3	1	15	20
3507	3	1	15	21
3508	3	1	16	1
3509	3	1	16	2
3510	3	1	16	3
3511	3	1	16	4
3512	3	1	16	5
3513	3	1	16	6
3514	3	1	16	7
3515	3	1	16	8
3516	3	1	16	9
3517	3	1	16	10
3518	3	1	16	11
3519	3	1	16	12
3520	3	1	16	13
3521	3	1	16	14
3522	3	1	16	15
3523	3	1	16	16
3524	3	1	16	17
3525	3	1	16	18
3526	3	1	16	19
3527	3	1	16	20
3528	3	1	16	21
3529	3	1	17	1
3530	3	1	17	2
3531	3	1	17	3
3532	3	1	17	4
3533	3	1	17	5
3534	3	1	17	6
3535	3	1	17	7
3536	3	1	17	8
3537	3	1	17	9
3538	3	1	17	10
3539	3	1	17	11
3540	3	1	17	12
3541	3	1	17	13
3542	3	1	17	14
3543	3	1	17	15
3544	3	1	17	16
3545	3	1	17	17
3546	3	1	17	18
3547	3	1	17	19
3548	3	1	17	20
3549	3	1	17	21
3550	3	1	18	1
3551	3	1	18	2
3552	3	1	18	3
3553	3	1	18	4
3554	3	1	18	5
3555	3	1	18	6
3556	3	1	18	7
3557	3	1	18	8
3558	3	1	18	9
3559	3	1	18	10
3560	3	1	18	11
3561	3	1	18	12
3562	3	1	18	13
3563	3	1	18	14
3564	3	1	18	15
3565	3	1	18	16
3566	3	1	18	17
3567	3	1	18	18
3568	3	1	18	19
3569	3	1	18	20
3570	3	1	18	21
3571	3	1	19	1
3572	3	1	19	2
3573	3	1	19	3
3574	3	1	19	4
3575	3	1	19	5
3576	3	1	19	6
3577	3	1	19	7
3578	3	1	19	8
3579	3	1	19	9
3580	3	1	19	10
3581	3	1	19	11
3582	3	1	19	12
3583	3	1	19	13
3584	3	1	19	14
3585	3	1	19	15
3586	3	1	19	16
3587	3	1	19	17
3588	3	1	19	18
3589	3	1	19	19
3590	3	1	19	20
3591	3	1	19	21
3592	3	2	1	1
3593	3	2	1	2
3594	3	2	1	3
3595	3	2	1	4
3596	3	2	1	5
3597	3	2	1	6
3598	3	2	1	7
3599	3	2	1	8
3600	3	2	1	9
3601	3	2	1	10
3602	3	2	1	11
3603	3	2	1	12
3604	3	2	1	13
3605	3	2	1	14
3606	3	2	1	15
3607	3	2	1	16
3608	3	2	1	17
3609	3	2	1	18
3610	3	2	1	19
3611	3	2	1	20
3612	3	2	1	21
3613	3	2	2	1
3614	3	2	2	2
3615	3	2	2	3
3616	3	2	2	4
3617	3	2	2	5
3618	3	2	2	6
3619	3	2	2	7
3620	3	2	2	8
3621	3	2	2	9
3622	3	2	2	10
3623	3	2	2	11
3624	3	2	2	12
3625	3	2	2	13
3626	3	2	2	14
3627	3	2	2	15
3628	3	2	2	16
3629	3	2	2	17
3630	3	2	2	18
3631	3	2	2	19
3632	3	2	2	20
3633	3	2	2	21
3634	3	2	3	1
3635	3	2	3	2
3636	3	2	3	3
3637	3	2	3	4
3638	3	2	3	5
3639	3	2	3	6
3640	3	2	3	7
3641	3	2	3	8
3642	3	2	3	9
3643	3	2	3	10
3644	3	2	3	11
3645	3	2	3	12
3646	3	2	3	13
3647	3	2	3	14
3648	3	2	3	15
3649	3	2	3	16
3650	3	2	3	17
3651	3	2	3	18
3652	3	2	3	19
3653	3	2	3	20
3654	3	2	3	21
3655	3	2	4	1
3656	3	2	4	2
3657	3	2	4	3
3658	3	2	4	4
3659	3	2	4	5
3660	3	2	4	6
3661	3	2	4	7
3662	3	2	4	8
3663	3	2	4	9
3664	3	2	4	10
3665	3	2	4	11
3666	3	2	4	12
3667	3	2	4	13
3668	3	2	4	14
3669	3	2	4	15
3670	3	2	4	16
3671	3	2	4	17
3672	3	2	4	18
3673	3	2	4	19
3674	3	2	4	20
3675	3	2	4	21
3676	3	2	5	1
3677	3	2	5	2
3678	3	2	5	3
3679	3	2	5	4
3680	3	2	5	5
3681	3	2	5	6
3682	3	2	5	7
3683	3	2	5	8
3684	3	2	5	9
3685	3	2	5	10
3686	3	2	5	11
3687	3	2	5	12
3688	3	2	5	13
3689	3	2	5	14
3690	3	2	5	15
3691	3	2	5	16
3692	3	2	5	17
3693	3	2	5	18
3694	3	2	5	19
3695	3	2	5	20
3696	3	2	5	21
3697	3	2	6	1
3698	3	2	6	2
3699	3	2	6	3
3700	3	2	6	4
3701	3	2	6	5
3702	3	2	6	6
3703	3	2	6	7
3704	3	2	6	8
3705	3	2	6	9
3706	3	2	6	10
3707	3	2	6	11
3708	3	2	6	12
3709	3	2	6	13
3710	3	2	6	14
3711	3	2	6	15
3712	3	2	6	16
3713	3	2	6	17
3714	3	2	6	18
3715	3	2	6	19
3716	3	2	6	20
3717	3	2	6	21
3718	3	2	7	1
3719	3	2	7	2
3720	3	2	7	3
3721	3	2	7	4
3722	3	2	7	5
3723	3	2	7	6
3724	3	2	7	7
3725	3	2	7	8
3726	3	2	7	9
3727	3	2	7	10
3728	3	2	7	11
3729	3	2	7	12
3730	3	2	7	13
3731	3	2	7	14
3732	3	2	7	15
3733	3	2	7	16
3734	3	2	7	17
3735	3	2	7	18
3736	3	2	7	19
3737	3	2	7	20
3738	3	2	7	21
3739	3	2	8	1
3740	3	2	8	2
3741	3	2	8	3
3742	3	2	8	4
3743	3	2	8	5
3744	3	2	8	6
3745	3	2	8	7
3746	3	2	8	8
3747	3	2	8	9
3748	3	2	8	10
3749	3	2	8	11
3750	3	2	8	12
3751	3	2	8	13
3752	3	2	8	14
3753	3	2	8	15
3754	3	2	8	16
3755	3	2	8	17
3756	3	2	8	18
3757	3	2	8	19
3758	3	2	8	20
3759	3	2	8	21
3760	3	2	9	1
3761	3	2	9	2
3762	3	2	9	3
3763	3	2	9	4
3764	3	2	9	5
3765	3	2	9	6
3766	3	2	9	7
3767	3	2	9	8
3768	3	2	9	9
3769	3	2	9	10
3770	3	2	9	11
3771	3	2	9	12
3772	3	2	9	13
3773	3	2	9	14
3774	3	2	9	15
3775	3	2	9	16
3776	3	2	9	17
3777	3	2	9	18
3778	3	2	9	19
3779	3	2	9	20
3780	3	2	9	21
3781	3	2	10	1
3782	3	2	10	2
3783	3	2	10	3
3784	3	2	10	4
3785	3	2	10	5
3786	3	2	10	6
3787	3	2	10	7
3788	3	2	10	8
3789	3	2	10	9
3790	3	2	10	10
3791	3	2	10	11
3792	3	2	10	12
3793	3	2	10	13
3794	3	2	10	14
3795	3	2	10	15
3796	3	2	10	16
3797	3	2	10	17
3798	3	2	10	18
3799	3	2	10	19
3800	3	2	10	20
3801	3	2	10	21
3802	3	2	11	1
3803	3	2	11	2
3804	3	2	11	3
3805	3	2	11	4
3806	3	2	11	5
3807	3	2	11	6
3808	3	2	11	7
3809	3	2	11	8
3810	3	2	11	9
3811	3	2	11	10
3812	3	2	11	11
3813	3	2	11	12
3814	3	2	11	13
3815	3	2	11	14
3816	3	2	11	15
3817	3	2	11	16
3818	3	2	11	17
3819	3	2	11	18
3820	3	2	11	19
3821	3	2	11	20
3822	3	2	11	21
3823	3	2	12	1
3824	3	2	12	2
3825	3	2	12	3
3826	3	2	12	4
3827	3	2	12	5
3828	3	2	12	6
3829	3	2	12	7
3830	3	2	12	8
3831	3	2	12	9
3832	3	2	12	10
3833	3	2	12	11
3834	3	2	12	12
3835	3	2	12	13
3836	3	2	12	14
3837	3	2	12	15
3838	3	2	12	16
3839	3	2	12	17
3840	3	2	12	18
3841	3	2	12	19
3842	3	2	12	20
3843	3	2	12	21
3844	3	2	13	1
3845	3	2	13	2
3846	3	2	13	3
3847	3	2	13	4
3848	3	2	13	5
3849	3	2	13	6
3850	3	2	13	7
3851	3	2	13	8
3852	3	2	13	9
3853	3	2	13	10
3854	3	2	13	11
3855	3	2	13	12
3856	3	2	13	13
3857	3	2	13	14
3858	3	2	13	15
3859	3	2	13	16
3860	3	2	13	17
3861	3	2	13	18
3862	3	2	13	19
3863	3	2	13	20
3864	3	2	13	21
3865	3	2	14	1
3866	3	2	14	2
3867	3	2	14	3
3868	3	2	14	4
3869	3	2	14	5
3870	3	2	14	6
3871	3	2	14	7
3872	3	2	14	8
3873	3	2	14	9
3874	3	2	14	10
3875	3	2	14	11
3876	3	2	14	12
3877	3	2	14	13
3878	3	2	14	14
3879	3	2	14	15
3880	3	2	14	16
3881	3	2	14	17
3882	3	2	14	18
3883	3	2	14	19
3884	3	2	14	20
3885	3	2	14	21
3886	3	2	15	1
3887	3	2	15	2
3888	3	2	15	3
3889	3	2	15	4
3890	3	2	15	5
3891	3	2	15	6
3892	3	2	15	7
3893	3	2	15	8
3894	3	2	15	9
3895	3	2	15	10
3896	3	2	15	11
3897	3	2	15	12
3898	3	2	15	13
3899	3	2	15	14
3900	3	2	15	15
3901	3	2	15	16
3902	3	2	15	17
3903	3	2	15	18
3904	3	2	15	19
3905	3	2	15	20
3906	3	2	15	21
3907	3	2	16	1
3908	3	2	16	2
3909	3	2	16	3
3910	3	2	16	4
3911	3	2	16	5
3912	3	2	16	6
3913	3	2	16	7
3914	3	2	16	8
3915	3	2	16	9
3916	3	2	16	10
3917	3	2	16	11
3918	3	2	16	12
3919	3	2	16	13
3920	3	2	16	14
3921	3	2	16	15
3922	3	2	16	16
3923	3	2	16	17
3924	3	2	16	18
3925	3	2	16	19
3926	3	2	16	20
3927	3	2	16	21
3928	3	2	17	1
3929	3	2	17	2
3930	3	2	17	3
3931	3	2	17	4
3932	3	2	17	5
3933	3	2	17	6
3934	3	2	17	7
3935	3	2	17	8
3936	3	2	17	9
3937	3	2	17	10
3938	3	2	17	11
3939	3	2	17	12
3940	3	2	17	13
3941	3	2	17	14
3942	3	2	17	15
3943	3	2	17	16
3944	3	2	17	17
3945	3	2	17	18
3946	3	2	17	19
3947	3	2	17	20
3948	3	2	17	21
3949	3	2	18	1
3950	3	2	18	2
3951	3	2	18	3
3952	3	2	18	4
3953	3	2	18	5
3954	3	2	18	6
3955	3	2	18	7
3956	3	2	18	8
3957	3	2	18	9
3958	3	2	18	10
3959	3	2	18	11
3960	3	2	18	12
3961	3	2	18	13
3962	3	2	18	14
3963	3	2	18	15
3964	3	2	18	16
3965	3	2	18	17
3966	3	2	18	18
3967	3	2	18	19
3968	3	2	18	20
3969	3	2	18	21
3970	3	2	19	1
3971	3	2	19	2
3972	3	2	19	3
3973	3	2	19	4
3974	3	2	19	5
3975	3	2	19	6
3976	3	2	19	7
3977	3	2	19	8
3978	3	2	19	9
3979	3	2	19	10
3980	3	2	19	11
3981	3	2	19	12
3982	3	2	19	13
3983	3	2	19	14
3984	3	2	19	15
3985	3	2	19	16
3986	3	2	19	17
3987	3	2	19	18
3988	3	2	19	19
3989	3	2	19	20
3990	3	2	19	21
3991	3	3	1	1
3992	3	3	1	2
3993	3	3	1	3
3994	3	3	1	4
3995	3	3	1	5
3996	3	3	1	6
3997	3	3	1	7
3998	3	3	1	8
3999	3	3	1	9
4000	3	3	1	10
4001	3	3	1	11
4002	3	3	1	12
4003	3	3	1	13
4004	3	3	1	14
4005	3	3	1	15
4006	3	3	1	16
4007	3	3	1	17
4008	3	3	1	18
4009	3	3	1	19
4010	3	3	1	20
4011	3	3	1	21
4012	3	3	2	1
4013	3	3	2	2
4014	3	3	2	3
4015	3	3	2	4
4016	3	3	2	5
4017	3	3	2	6
4018	3	3	2	7
4019	3	3	2	8
4020	3	3	2	9
4021	3	3	2	10
4022	3	3	2	11
4023	3	3	2	12
4024	3	3	2	13
4025	3	3	2	14
4026	3	3	2	15
4027	3	3	2	16
4028	3	3	2	17
4029	3	3	2	18
4030	3	3	2	19
4031	3	3	2	20
4032	3	3	2	21
4033	3	3	3	1
4034	3	3	3	2
4035	3	3	3	3
4036	3	3	3	4
4037	3	3	3	5
4038	3	3	3	6
4039	3	3	3	7
4040	3	3	3	8
4041	3	3	3	9
4042	3	3	3	10
4043	3	3	3	11
4044	3	3	3	12
4045	3	3	3	13
4046	3	3	3	14
4047	3	3	3	15
4048	3	3	3	16
4049	3	3	3	17
4050	3	3	3	18
4051	3	3	3	19
4052	3	3	3	20
4053	3	3	3	21
4054	3	3	4	1
4055	3	3	4	2
4056	3	3	4	3
4057	3	3	4	4
4058	3	3	4	5
4059	3	3	4	6
4060	3	3	4	7
4061	3	3	4	8
4062	3	3	4	9
4063	3	3	4	10
4064	3	3	4	11
4065	3	3	4	12
4066	3	3	4	13
4067	3	3	4	14
4068	3	3	4	15
4069	3	3	4	16
4070	3	3	4	17
4071	3	3	4	18
4072	3	3	4	19
4073	3	3	4	20
4074	3	3	4	21
4075	3	3	5	1
4076	3	3	5	2
4077	3	3	5	3
4078	3	3	5	4
4079	3	3	5	5
4080	3	3	5	6
4081	3	3	5	7
4082	3	3	5	8
4083	3	3	5	9
4084	3	3	5	10
4085	3	3	5	11
4086	3	3	5	12
4087	3	3	5	13
4088	3	3	5	14
4089	3	3	5	15
4090	3	3	5	16
4091	3	3	5	17
4092	3	3	5	18
4093	3	3	5	19
4094	3	3	5	20
4095	3	3	5	21
4096	3	3	6	1
4097	3	3	6	2
4098	3	3	6	3
4099	3	3	6	4
4100	3	3	6	5
4101	3	3	6	6
4102	3	3	6	7
4103	3	3	6	8
4104	3	3	6	9
4105	3	3	6	10
4106	3	3	6	11
4107	3	3	6	12
4108	3	3	6	13
4109	3	3	6	14
4110	3	3	6	15
4111	3	3	6	16
4112	3	3	6	17
4113	3	3	6	18
4114	3	3	6	19
4115	3	3	6	20
4116	3	3	6	21
4117	3	3	7	1
4118	3	3	7	2
4119	3	3	7	3
4120	3	3	7	4
4121	3	3	7	5
4122	3	3	7	6
4123	3	3	7	7
4124	3	3	7	8
4125	3	3	7	9
4126	3	3	7	10
4127	3	3	7	11
4128	3	3	7	12
4129	3	3	7	13
4130	3	3	7	14
4131	3	3	7	15
4132	3	3	7	16
4133	3	3	7	17
4134	3	3	7	18
4135	3	3	7	19
4136	3	3	7	20
4137	3	3	7	21
4138	3	3	8	1
4139	3	3	8	2
4140	3	3	8	3
4141	3	3	8	4
4142	3	3	8	5
4143	3	3	8	6
4144	3	3	8	7
4145	3	3	8	8
4146	3	3	8	9
4147	3	3	8	10
4148	3	3	8	11
4149	3	3	8	12
4150	3	3	8	13
4151	3	3	8	14
4152	3	3	8	15
4153	3	3	8	16
4154	3	3	8	17
4155	3	3	8	18
4156	3	3	8	19
4157	3	3	8	20
4158	3	3	8	21
4159	3	3	9	1
4160	3	3	9	2
4161	3	3	9	3
4162	3	3	9	4
4163	3	3	9	5
4164	3	3	9	6
4165	3	3	9	7
4166	3	3	9	8
4167	3	3	9	9
4168	3	3	9	10
4169	3	3	9	11
4170	3	3	9	12
4171	3	3	9	13
4172	3	3	9	14
4173	3	3	9	15
4174	3	3	9	16
4175	3	3	9	17
4176	3	3	9	18
4177	3	3	9	19
4178	3	3	9	20
4179	3	3	9	21
4180	3	3	10	1
4181	3	3	10	2
4182	3	3	10	3
4183	3	3	10	4
4184	3	3	10	5
4185	3	3	10	6
4186	3	3	10	7
4187	3	3	10	8
4188	3	3	10	9
4189	3	3	10	10
4190	3	3	10	11
4191	3	3	10	12
4192	3	3	10	13
4193	3	3	10	14
4194	3	3	10	15
4195	3	3	10	16
4196	3	3	10	17
4197	3	3	10	18
4198	3	3	10	19
4199	3	3	10	20
4200	3	3	10	21
4201	3	3	11	1
4202	3	3	11	2
4203	3	3	11	3
4204	3	3	11	4
4205	3	3	11	5
4206	3	3	11	6
4207	3	3	11	7
4208	3	3	11	8
4209	3	3	11	9
4210	3	3	11	10
4211	3	3	11	11
4212	3	3	11	12
4213	3	3	11	13
4214	3	3	11	14
4215	3	3	11	15
4216	3	3	11	16
4217	3	3	11	17
4218	3	3	11	18
4219	3	3	11	19
4220	3	3	11	20
4221	3	3	11	21
4222	3	3	12	1
4223	3	3	12	2
4224	3	3	12	3
4225	3	3	12	4
4226	3	3	12	5
4227	3	3	12	6
4228	3	3	12	7
4229	3	3	12	8
4230	3	3	12	9
4231	3	3	12	10
4232	3	3	12	11
4233	3	3	12	12
4234	3	3	12	13
4235	3	3	12	14
4236	3	3	12	15
4237	3	3	12	16
4238	3	3	12	17
4239	3	3	12	18
4240	3	3	12	19
4241	3	3	12	20
4242	3	3	12	21
4243	3	3	13	1
4244	3	3	13	2
4245	3	3	13	3
4246	3	3	13	4
4247	3	3	13	5
4248	3	3	13	6
4249	3	3	13	7
4250	3	3	13	8
4251	3	3	13	9
4252	3	3	13	10
4253	3	3	13	11
4254	3	3	13	12
4255	3	3	13	13
4256	3	3	13	14
4257	3	3	13	15
4258	3	3	13	16
4259	3	3	13	17
4260	3	3	13	18
4261	3	3	13	19
4262	3	3	13	20
4263	3	3	13	21
4264	3	3	14	1
4265	3	3	14	2
4266	3	3	14	3
4267	3	3	14	4
4268	3	3	14	5
4269	3	3	14	6
4270	3	3	14	7
4271	3	3	14	8
4272	3	3	14	9
4273	3	3	14	10
4274	3	3	14	11
4275	3	3	14	12
4276	3	3	14	13
4277	3	3	14	14
4278	3	3	14	15
4279	3	3	14	16
4280	3	3	14	17
4281	3	3	14	18
4282	3	3	14	19
4283	3	3	14	20
4284	3	3	14	21
4285	3	3	15	1
4286	3	3	15	2
4287	3	3	15	3
4288	3	3	15	4
4289	3	3	15	5
4290	3	3	15	6
4291	3	3	15	7
4292	3	3	15	8
4293	3	3	15	9
4294	3	3	15	10
4295	3	3	15	11
4296	3	3	15	12
4297	3	3	15	13
4298	3	3	15	14
4299	3	3	15	15
4300	3	3	15	16
4301	3	3	15	17
4302	3	3	15	18
4303	3	3	15	19
4304	3	3	15	20
4305	3	3	15	21
4306	3	3	16	1
4307	3	3	16	2
4308	3	3	16	3
4309	3	3	16	4
4310	3	3	16	5
4311	3	3	16	6
4312	3	3	16	7
4313	3	3	16	8
4314	3	3	16	9
4315	3	3	16	10
4316	3	3	16	11
4317	3	3	16	12
4318	3	3	16	13
4319	3	3	16	14
4320	3	3	16	15
4321	3	3	16	16
4322	3	3	16	17
4323	3	3	16	18
4324	3	3	16	19
4325	3	3	16	20
4326	3	3	16	21
4327	3	3	17	1
4328	3	3	17	2
4329	3	3	17	3
4330	3	3	17	4
4331	3	3	17	5
4332	3	3	17	6
4333	3	3	17	7
4334	3	3	17	8
4335	3	3	17	9
4336	3	3	17	10
4337	3	3	17	11
4338	3	3	17	12
4339	3	3	17	13
4340	3	3	17	14
4341	3	3	17	15
4342	3	3	17	16
4343	3	3	17	17
4344	3	3	17	18
4345	3	3	17	19
4346	3	3	17	20
4347	3	3	17	21
4348	3	3	18	1
4349	3	3	18	2
4350	3	3	18	3
4351	3	3	18	4
4352	3	3	18	5
4353	3	3	18	6
4354	3	3	18	7
4355	3	3	18	8
4356	3	3	18	9
4357	3	3	18	10
4358	3	3	18	11
4359	3	3	18	12
4360	3	3	18	13
4361	3	3	18	14
4362	3	3	18	15
4363	3	3	18	16
4364	3	3	18	17
4365	3	3	18	18
4366	3	3	18	19
4367	3	3	18	20
4368	3	3	18	21
4369	3	3	19	1
4370	3	3	19	2
4371	3	3	19	3
4372	3	3	19	4
4373	3	3	19	5
4374	3	3	19	6
4375	3	3	19	7
4376	3	3	19	8
4377	3	3	19	9
4378	3	3	19	10
4379	3	3	19	11
4380	3	3	19	12
4381	3	3	19	13
4382	3	3	19	14
4383	3	3	19	15
4384	3	3	19	16
4385	3	3	19	17
4386	3	3	19	18
4387	3	3	19	19
4388	3	3	19	20
4389	3	3	19	21
4390	3	4	1	1
4391	3	4	1	2
4392	3	4	1	3
4393	3	4	1	4
4394	3	4	1	5
4395	3	4	1	6
4396	3	4	1	7
4397	3	4	1	8
4398	3	4	1	9
4399	3	4	1	10
4400	3	4	1	11
4401	3	4	1	12
4402	3	4	1	13
4403	3	4	1	14
4404	3	4	1	15
4405	3	4	1	16
4406	3	4	1	17
4407	3	4	1	18
4408	3	4	1	19
4409	3	4	1	20
4410	3	4	1	21
4411	3	4	2	1
4412	3	4	2	2
4413	3	4	2	3
4414	3	4	2	4
4415	3	4	2	5
4416	3	4	2	6
4417	3	4	2	7
4418	3	4	2	8
4419	3	4	2	9
4420	3	4	2	10
4421	3	4	2	11
4422	3	4	2	12
4423	3	4	2	13
4424	3	4	2	14
4425	3	4	2	15
4426	3	4	2	16
4427	3	4	2	17
4428	3	4	2	18
4429	3	4	2	19
4430	3	4	2	20
4431	3	4	2	21
4432	3	4	3	1
4433	3	4	3	2
4434	3	4	3	3
4435	3	4	3	4
4436	3	4	3	5
4437	3	4	3	6
4438	3	4	3	7
4439	3	4	3	8
4440	3	4	3	9
4441	3	4	3	10
4442	3	4	3	11
4443	3	4	3	12
4444	3	4	3	13
4445	3	4	3	14
4446	3	4	3	15
4447	3	4	3	16
4448	3	4	3	17
4449	3	4	3	18
4450	3	4	3	19
4451	3	4	3	20
4452	3	4	3	21
4453	3	4	4	1
4454	3	4	4	2
4455	3	4	4	3
4456	3	4	4	4
4457	3	4	4	5
4458	3	4	4	6
4459	3	4	4	7
4460	3	4	4	8
4461	3	4	4	9
4462	3	4	4	10
4463	3	4	4	11
4464	3	4	4	12
4465	3	4	4	13
4466	3	4	4	14
4467	3	4	4	15
4468	3	4	4	16
4469	3	4	4	17
4470	3	4	4	18
4471	3	4	4	19
4472	3	4	4	20
4473	3	4	4	21
4474	3	4	5	1
4475	3	4	5	2
4476	3	4	5	3
4477	3	4	5	4
4478	3	4	5	5
4479	3	4	5	6
4480	3	4	5	7
4481	3	4	5	8
4482	3	4	5	9
4483	3	4	5	10
4484	3	4	5	11
4485	3	4	5	12
4486	3	4	5	13
4487	3	4	5	14
4488	3	4	5	15
4489	3	4	5	16
4490	3	4	5	17
4491	3	4	5	18
4492	3	4	5	19
4493	3	4	5	20
4494	3	4	5	21
4495	3	4	6	1
4496	3	4	6	2
4497	3	4	6	3
4498	3	4	6	4
4499	3	4	6	5
4500	3	4	6	6
4501	3	4	6	7
4502	3	4	6	8
4503	3	4	6	9
4504	3	4	6	10
4505	3	4	6	11
4506	3	4	6	12
4507	3	4	6	13
4508	3	4	6	14
4509	3	4	6	15
4510	3	4	6	16
4511	3	4	6	17
4512	3	4	6	18
4513	3	4	6	19
4514	3	4	6	20
4515	3	4	6	21
4516	3	4	7	1
4517	3	4	7	2
4518	3	4	7	3
4519	3	4	7	4
4520	3	4	7	5
4521	3	4	7	6
4522	3	4	7	7
4523	3	4	7	8
4524	3	4	7	9
4525	3	4	7	10
4526	3	4	7	11
4527	3	4	7	12
4528	3	4	7	13
4529	3	4	7	14
4530	3	4	7	15
4531	3	4	7	16
4532	3	4	7	17
4533	3	4	7	18
4534	3	4	7	19
4535	3	4	7	20
4536	3	4	7	21
4537	3	4	8	1
4538	3	4	8	2
4539	3	4	8	3
4540	3	4	8	4
4541	3	4	8	5
4542	3	4	8	6
4543	3	4	8	7
4544	3	4	8	8
4545	3	4	8	9
4546	3	4	8	10
4547	3	4	8	11
4548	3	4	8	12
4549	3	4	8	13
4550	3	4	8	14
4551	3	4	8	15
4552	3	4	8	16
4553	3	4	8	17
4554	3	4	8	18
4555	3	4	8	19
4556	3	4	8	20
4557	3	4	8	21
4558	3	4	9	1
4559	3	4	9	2
4560	3	4	9	3
4561	3	4	9	4
4562	3	4	9	5
4563	3	4	9	6
4564	3	4	9	7
4565	3	4	9	8
4566	3	4	9	9
4567	3	4	9	10
4568	3	4	9	11
4569	3	4	9	12
4570	3	4	9	13
4571	3	4	9	14
4572	3	4	9	15
4573	3	4	9	16
4574	3	4	9	17
4575	3	4	9	18
4576	3	4	9	19
4577	3	4	9	20
4578	3	4	9	21
4579	3	4	10	1
4580	3	4	10	2
4581	3	4	10	3
4582	3	4	10	4
4583	3	4	10	5
4584	3	4	10	6
4585	3	4	10	7
4586	3	4	10	8
4587	3	4	10	9
4588	3	4	10	10
4589	3	4	10	11
4590	3	4	10	12
4591	3	4	10	13
4592	3	4	10	14
4593	3	4	10	15
4594	3	4	10	16
4595	3	4	10	17
4596	3	4	10	18
4597	3	4	10	19
4598	3	4	10	20
4599	3	4	10	21
4600	3	4	11	1
4601	3	4	11	2
4602	3	4	11	3
4603	3	4	11	4
4604	3	4	11	5
4605	3	4	11	6
4606	3	4	11	7
4607	3	4	11	8
4608	3	4	11	9
4609	3	4	11	10
4610	3	4	11	11
4611	3	4	11	12
4612	3	4	11	13
4613	3	4	11	14
4614	3	4	11	15
4615	3	4	11	16
4616	3	4	11	17
4617	3	4	11	18
4618	3	4	11	19
4619	3	4	11	20
4620	3	4	11	21
4621	3	4	12	1
4622	3	4	12	2
4623	3	4	12	3
4624	3	4	12	4
4625	3	4	12	5
4626	3	4	12	6
4627	3	4	12	7
4628	3	4	12	8
4629	3	4	12	9
4630	3	4	12	10
4631	3	4	12	11
4632	3	4	12	12
4633	3	4	12	13
4634	3	4	12	14
4635	3	4	12	15
4636	3	4	12	16
4637	3	4	12	17
4638	3	4	12	18
4639	3	4	12	19
4640	3	4	12	20
4641	3	4	12	21
4642	3	4	13	1
4643	3	4	13	2
4644	3	4	13	3
4645	3	4	13	4
4646	3	4	13	5
4647	3	4	13	6
4648	3	4	13	7
4649	3	4	13	8
4650	3	4	13	9
4651	3	4	13	10
4652	3	4	13	11
4653	3	4	13	12
4654	3	4	13	13
4655	3	4	13	14
4656	3	4	13	15
4657	3	4	13	16
4658	3	4	13	17
4659	3	4	13	18
4660	3	4	13	19
4661	3	4	13	20
4662	3	4	13	21
4663	3	4	14	1
4664	3	4	14	2
4665	3	4	14	3
4666	3	4	14	4
4667	3	4	14	5
4668	3	4	14	6
4669	3	4	14	7
4670	3	4	14	8
4671	3	4	14	9
4672	3	4	14	10
4673	3	4	14	11
4674	3	4	14	12
4675	3	4	14	13
4676	3	4	14	14
4677	3	4	14	15
4678	3	4	14	16
4679	3	4	14	17
4680	3	4	14	18
4681	3	4	14	19
4682	3	4	14	20
4683	3	4	14	21
4684	3	4	15	1
4685	3	4	15	2
4686	3	4	15	3
4687	3	4	15	4
4688	3	4	15	5
4689	3	4	15	6
4690	3	4	15	7
4691	3	4	15	8
4692	3	4	15	9
4693	3	4	15	10
4694	3	4	15	11
4695	3	4	15	12
4696	3	4	15	13
4697	3	4	15	14
4698	3	4	15	15
4699	3	4	15	16
4700	3	4	15	17
4701	3	4	15	18
4702	3	4	15	19
4703	3	4	15	20
4704	3	4	15	21
4705	3	4	16	1
4706	3	4	16	2
4707	3	4	16	3
4708	3	4	16	4
4709	3	4	16	5
4710	3	4	16	6
4711	3	4	16	7
4712	3	4	16	8
4713	3	4	16	9
4714	3	4	16	10
4715	3	4	16	11
4716	3	4	16	12
4717	3	4	16	13
4718	3	4	16	14
4719	3	4	16	15
4720	3	4	16	16
4721	3	4	16	17
4722	3	4	16	18
4723	3	4	16	19
4724	3	4	16	20
4725	3	4	16	21
4726	3	4	17	1
4727	3	4	17	2
4728	3	4	17	3
4729	3	4	17	4
4730	3	4	17	5
4731	3	4	17	6
4732	3	4	17	7
4733	3	4	17	8
4734	3	4	17	9
4735	3	4	17	10
4736	3	4	17	11
4737	3	4	17	12
4738	3	4	17	13
4739	3	4	17	14
4740	3	4	17	15
4741	3	4	17	16
4742	3	4	17	17
4743	3	4	17	18
4744	3	4	17	19
4745	3	4	17	20
4746	3	4	17	21
4747	3	4	18	1
4748	3	4	18	2
4749	3	4	18	3
4750	3	4	18	4
4751	3	4	18	5
4752	3	4	18	6
4753	3	4	18	7
4754	3	4	18	8
4755	3	4	18	9
4756	3	4	18	10
4757	3	4	18	11
4758	3	4	18	12
4759	3	4	18	13
4760	3	4	18	14
4761	3	4	18	15
4762	3	4	18	16
4763	3	4	18	17
4764	3	4	18	18
4765	3	4	18	19
4766	3	4	18	20
4767	3	4	18	21
4768	3	4	19	1
4769	3	4	19	2
4770	3	4	19	3
4771	3	4	19	4
4772	3	4	19	5
4773	3	4	19	6
4774	3	4	19	7
4775	3	4	19	8
4776	3	4	19	9
4777	3	4	19	10
4778	3	4	19	11
4779	3	4	19	12
4780	3	4	19	13
4781	3	4	19	14
4782	3	4	19	15
4783	3	4	19	16
4784	3	4	19	17
4785	3	4	19	18
4786	3	4	19	19
4787	3	4	19	20
4788	3	4	19	21
4789	4	1	1	1
4790	4	1	1	2
4791	4	1	1	3
4792	4	1	1	4
4793	4	1	1	5
4794	4	1	1	6
4795	4	1	1	7
4796	4	1	1	8
4797	4	1	1	9
4798	4	1	1	10
4799	4	1	1	11
4800	4	1	1	12
4801	4	1	1	13
4802	4	1	1	14
4803	4	1	1	15
4804	4	1	1	16
4805	4	1	1	17
4806	4	1	1	18
4807	4	1	1	19
4808	4	1	1	20
4809	4	1	1	21
4810	4	1	2	1
4811	4	1	2	2
4812	4	1	2	3
4813	4	1	2	4
4814	4	1	2	5
4815	4	1	2	6
4816	4	1	2	7
4817	4	1	2	8
4818	4	1	2	9
4819	4	1	2	10
4820	4	1	2	11
4821	4	1	2	12
4822	4	1	2	13
4823	4	1	2	14
4824	4	1	2	15
4825	4	1	2	16
4826	4	1	2	17
4827	4	1	2	18
4828	4	1	2	19
4829	4	1	2	20
4830	4	1	2	21
4831	4	1	3	1
4832	4	1	3	2
4833	4	1	3	3
4834	4	1	3	4
4835	4	1	3	5
4836	4	1	3	6
4837	4	1	3	7
4838	4	1	3	8
4839	4	1	3	9
4840	4	1	3	10
4841	4	1	3	11
4842	4	1	3	12
4843	4	1	3	13
4844	4	1	3	14
4845	4	1	3	15
4846	4	1	3	16
4847	4	1	3	17
4848	4	1	3	18
4849	4	1	3	19
4850	4	1	3	20
4851	4	1	3	21
4852	4	1	4	1
4853	4	1	4	2
4854	4	1	4	3
4855	4	1	4	4
4856	4	1	4	5
4857	4	1	4	6
4858	4	1	4	7
4859	4	1	4	8
4860	4	1	4	9
4861	4	1	4	10
4862	4	1	4	11
4863	4	1	4	12
4864	4	1	4	13
4865	4	1	4	14
4866	4	1	4	15
4867	4	1	4	16
4868	4	1	4	17
4869	4	1	4	18
4870	4	1	4	19
4871	4	1	4	20
4872	4	1	4	21
4873	4	1	5	1
4874	4	1	5	2
4875	4	1	5	3
4876	4	1	5	4
4877	4	1	5	5
4878	4	1	5	6
4879	4	1	5	7
4880	4	1	5	8
4881	4	1	5	9
4882	4	1	5	10
4883	4	1	5	11
4884	4	1	5	12
4885	4	1	5	13
4886	4	1	5	14
4887	4	1	5	15
4888	4	1	5	16
4889	4	1	5	17
4890	4	1	5	18
4891	4	1	5	19
4892	4	1	5	20
4893	4	1	5	21
4894	4	1	6	1
4895	4	1	6	2
4896	4	1	6	3
4897	4	1	6	4
4898	4	1	6	5
4899	4	1	6	6
4900	4	1	6	7
4901	4	1	6	8
4902	4	1	6	9
4903	4	1	6	10
4904	4	1	6	11
4905	4	1	6	12
4906	4	1	6	13
4907	4	1	6	14
4908	4	1	6	15
4909	4	1	6	16
4910	4	1	6	17
4911	4	1	6	18
4912	4	1	6	19
4913	4	1	6	20
4914	4	1	6	21
4915	4	1	7	1
4916	4	1	7	2
4917	4	1	7	3
4918	4	1	7	4
4919	4	1	7	5
4920	4	1	7	6
4921	4	1	7	7
4922	4	1	7	8
4923	4	1	7	9
4924	4	1	7	10
4925	4	1	7	11
4926	4	1	7	12
4927	4	1	7	13
4928	4	1	7	14
4929	4	1	7	15
4930	4	1	7	16
4931	4	1	7	17
4932	4	1	7	18
4933	4	1	7	19
4934	4	1	7	20
4935	4	1	7	21
4936	4	1	8	1
4937	4	1	8	2
4938	4	1	8	3
4939	4	1	8	4
4940	4	1	8	5
4941	4	1	8	6
4942	4	1	8	7
4943	4	1	8	8
4944	4	1	8	9
4945	4	1	8	10
4946	4	1	8	11
4947	4	1	8	12
4948	4	1	8	13
4949	4	1	8	14
4950	4	1	8	15
4951	4	1	8	16
4952	4	1	8	17
4953	4	1	8	18
4954	4	1	8	19
4955	4	1	8	20
4956	4	1	8	21
4957	4	1	9	1
4958	4	1	9	2
4959	4	1	9	3
4960	4	1	9	4
4961	4	1	9	5
4962	4	1	9	6
4963	4	1	9	7
4964	4	1	9	8
4965	4	1	9	9
4966	4	1	9	10
4967	4	1	9	11
4968	4	1	9	12
4969	4	1	9	13
4970	4	1	9	14
4971	4	1	9	15
4972	4	1	9	16
4973	4	1	9	17
4974	4	1	9	18
4975	4	1	9	19
4976	4	1	9	20
4977	4	1	9	21
4978	4	1	10	1
4979	4	1	10	2
4980	4	1	10	3
4981	4	1	10	4
4982	4	1	10	5
4983	4	1	10	6
4984	4	1	10	7
4985	4	1	10	8
4986	4	1	10	9
4987	4	1	10	10
4988	4	1	10	11
4989	4	1	10	12
4990	4	1	10	13
4991	4	1	10	14
4992	4	1	10	15
4993	4	1	10	16
4994	4	1	10	17
4995	4	1	10	18
4996	4	1	10	19
4997	4	1	10	20
4998	4	1	10	21
4999	4	1	11	1
5000	4	1	11	2
5001	4	1	11	3
5002	4	1	11	4
5003	4	1	11	5
5004	4	1	11	6
5005	4	1	11	7
5006	4	1	11	8
5007	4	1	11	9
5008	4	1	11	10
5009	4	1	11	11
5010	4	1	11	12
5011	4	1	11	13
5012	4	1	11	14
5013	4	1	11	15
5014	4	1	11	16
5015	4	1	11	17
5016	4	1	11	18
5017	4	1	11	19
5018	4	1	11	20
5019	4	1	11	21
5020	4	1	12	1
5021	4	1	12	2
5022	4	1	12	3
5023	4	1	12	4
5024	4	1	12	5
5025	4	1	12	6
5026	4	1	12	7
5027	4	1	12	8
5028	4	1	12	9
5029	4	1	12	10
5030	4	1	12	11
5031	4	1	12	12
5032	4	1	12	13
5033	4	1	12	14
5034	4	1	12	15
5035	4	1	12	16
5036	4	1	12	17
5037	4	1	12	18
5038	4	1	12	19
5039	4	1	12	20
5040	4	1	12	21
5041	4	1	13	1
5042	4	1	13	2
5043	4	1	13	3
5044	4	1	13	4
5045	4	1	13	5
5046	4	1	13	6
5047	4	1	13	7
5048	4	1	13	8
5049	4	1	13	9
5050	4	1	13	10
5051	4	1	13	11
5052	4	1	13	12
5053	4	1	13	13
5054	4	1	13	14
5055	4	1	13	15
5056	4	1	13	16
5057	4	1	13	17
5058	4	1	13	18
5059	4	1	13	19
5060	4	1	13	20
5061	4	1	13	21
5062	4	1	14	1
5063	4	1	14	2
5064	4	1	14	3
5065	4	1	14	4
5066	4	1	14	5
5067	4	1	14	6
5068	4	1	14	7
5069	4	1	14	8
5070	4	1	14	9
5071	4	1	14	10
5072	4	1	14	11
5073	4	1	14	12
5074	4	1	14	13
5075	4	1	14	14
5076	4	1	14	15
5077	4	1	14	16
5078	4	1	14	17
5079	4	1	14	18
5080	4	1	14	19
5081	4	1	14	20
5082	4	1	14	21
5083	4	1	15	1
5084	4	1	15	2
5085	4	1	15	3
5086	4	1	15	4
5087	4	1	15	5
5088	4	1	15	6
5089	4	1	15	7
5090	4	1	15	8
5091	4	1	15	9
5092	4	1	15	10
5093	4	1	15	11
5094	4	1	15	12
5095	4	1	15	13
5096	4	1	15	14
5097	4	1	15	15
5098	4	1	15	16
5099	4	1	15	17
5100	4	1	15	18
5101	4	1	15	19
5102	4	1	15	20
5103	4	1	15	21
5104	4	1	16	1
5105	4	1	16	2
5106	4	1	16	3
5107	4	1	16	4
5108	4	1	16	5
5109	4	1	16	6
5110	4	1	16	7
5111	4	1	16	8
5112	4	1	16	9
5113	4	1	16	10
5114	4	1	16	11
5115	4	1	16	12
5116	4	1	16	13
5117	4	1	16	14
5118	4	1	16	15
5119	4	1	16	16
5120	4	1	16	17
5121	4	1	16	18
5122	4	1	16	19
5123	4	1	16	20
5124	4	1	16	21
5125	4	1	17	1
5126	4	1	17	2
5127	4	1	17	3
5128	4	1	17	4
5129	4	1	17	5
5130	4	1	17	6
5131	4	1	17	7
5132	4	1	17	8
5133	4	1	17	9
5134	4	1	17	10
5135	4	1	17	11
5136	4	1	17	12
5137	4	1	17	13
5138	4	1	17	14
5139	4	1	17	15
5140	4	1	17	16
5141	4	1	17	17
5142	4	1	17	18
5143	4	1	17	19
5144	4	1	17	20
5145	4	1	17	21
5146	4	1	18	1
5147	4	1	18	2
5148	4	1	18	3
5149	4	1	18	4
5150	4	1	18	5
5151	4	1	18	6
5152	4	1	18	7
5153	4	1	18	8
5154	4	1	18	9
5155	4	1	18	10
5156	4	1	18	11
5157	4	1	18	12
5158	4	1	18	13
5159	4	1	18	14
5160	4	1	18	15
5161	4	1	18	16
5162	4	1	18	17
5163	4	1	18	18
5164	4	1	18	19
5165	4	1	18	20
5166	4	1	18	21
5167	4	1	19	1
5168	4	1	19	2
5169	4	1	19	3
5170	4	1	19	4
5171	4	1	19	5
5172	4	1	19	6
5173	4	1	19	7
5174	4	1	19	8
5175	4	1	19	9
5176	4	1	19	10
5177	4	1	19	11
5178	4	1	19	12
5179	4	1	19	13
5180	4	1	19	14
5181	4	1	19	15
5182	4	1	19	16
5183	4	1	19	17
5184	4	1	19	18
5185	4	1	19	19
5186	4	1	19	20
5187	4	1	19	21
5188	4	2	1	1
5189	4	2	1	2
5190	4	2	1	3
5191	4	2	1	4
5192	4	2	1	5
5193	4	2	1	6
5194	4	2	1	7
5195	4	2	1	8
5196	4	2	1	9
5197	4	2	1	10
5198	4	2	1	11
5199	4	2	1	12
5200	4	2	1	13
5201	4	2	1	14
5202	4	2	1	15
5203	4	2	1	16
5204	4	2	1	17
5205	4	2	1	18
5206	4	2	1	19
5207	4	2	1	20
5208	4	2	1	21
5209	4	2	2	1
5210	4	2	2	2
5211	4	2	2	3
5212	4	2	2	4
5213	4	2	2	5
5214	4	2	2	6
5215	4	2	2	7
5216	4	2	2	8
5217	4	2	2	9
5218	4	2	2	10
5219	4	2	2	11
5220	4	2	2	12
5221	4	2	2	13
5222	4	2	2	14
5223	4	2	2	15
5224	4	2	2	16
5225	4	2	2	17
5226	4	2	2	18
5227	4	2	2	19
5228	4	2	2	20
5229	4	2	2	21
5230	4	2	3	1
5231	4	2	3	2
5232	4	2	3	3
5233	4	2	3	4
5234	4	2	3	5
5235	4	2	3	6
5236	4	2	3	7
5237	4	2	3	8
5238	4	2	3	9
5239	4	2	3	10
5240	4	2	3	11
5241	4	2	3	12
5242	4	2	3	13
5243	4	2	3	14
5244	4	2	3	15
5245	4	2	3	16
5246	4	2	3	17
5247	4	2	3	18
5248	4	2	3	19
5249	4	2	3	20
5250	4	2	3	21
5251	4	2	4	1
5252	4	2	4	2
5253	4	2	4	3
5254	4	2	4	4
5255	4	2	4	5
5256	4	2	4	6
5257	4	2	4	7
5258	4	2	4	8
5259	4	2	4	9
5260	4	2	4	10
5261	4	2	4	11
5262	4	2	4	12
5263	4	2	4	13
5264	4	2	4	14
5265	4	2	4	15
5266	4	2	4	16
5267	4	2	4	17
5268	4	2	4	18
5269	4	2	4	19
5270	4	2	4	20
5271	4	2	4	21
5272	4	2	5	1
5273	4	2	5	2
5274	4	2	5	3
5275	4	2	5	4
5276	4	2	5	5
5277	4	2	5	6
5278	4	2	5	7
5279	4	2	5	8
5280	4	2	5	9
5281	4	2	5	10
5282	4	2	5	11
5283	4	2	5	12
5284	4	2	5	13
5285	4	2	5	14
5286	4	2	5	15
5287	4	2	5	16
5288	4	2	5	17
5289	4	2	5	18
5290	4	2	5	19
5291	4	2	5	20
5292	4	2	5	21
5293	4	2	6	1
5294	4	2	6	2
5295	4	2	6	3
5296	4	2	6	4
5297	4	2	6	5
5298	4	2	6	6
5299	4	2	6	7
5300	4	2	6	8
5301	4	2	6	9
5302	4	2	6	10
5303	4	2	6	11
5304	4	2	6	12
5305	4	2	6	13
5306	4	2	6	14
5307	4	2	6	15
5308	4	2	6	16
5309	4	2	6	17
5310	4	2	6	18
5311	4	2	6	19
5312	4	2	6	20
5313	4	2	6	21
5314	4	2	7	1
5315	4	2	7	2
5316	4	2	7	3
5317	4	2	7	4
5318	4	2	7	5
5319	4	2	7	6
5320	4	2	7	7
5321	4	2	7	8
5322	4	2	7	9
5323	4	2	7	10
5324	4	2	7	11
5325	4	2	7	12
5326	4	2	7	13
5327	4	2	7	14
5328	4	2	7	15
5329	4	2	7	16
5330	4	2	7	17
5331	4	2	7	18
5332	4	2	7	19
5333	4	2	7	20
5334	4	2	7	21
5335	4	2	8	1
5336	4	2	8	2
5337	4	2	8	3
5338	4	2	8	4
5339	4	2	8	5
5340	4	2	8	6
5341	4	2	8	7
5342	4	2	8	8
5343	4	2	8	9
5344	4	2	8	10
5345	4	2	8	11
5346	4	2	8	12
5347	4	2	8	13
5348	4	2	8	14
5349	4	2	8	15
5350	4	2	8	16
5351	4	2	8	17
5352	4	2	8	18
5353	4	2	8	19
5354	4	2	8	20
5355	4	2	8	21
5356	4	2	9	1
5357	4	2	9	2
5358	4	2	9	3
5359	4	2	9	4
5360	4	2	9	5
5361	4	2	9	6
5362	4	2	9	7
5363	4	2	9	8
5364	4	2	9	9
5365	4	2	9	10
5366	4	2	9	11
5367	4	2	9	12
5368	4	2	9	13
5369	4	2	9	14
5370	4	2	9	15
5371	4	2	9	16
5372	4	2	9	17
5373	4	2	9	18
5374	4	2	9	19
5375	4	2	9	20
5376	4	2	9	21
5377	4	2	10	1
5378	4	2	10	2
5379	4	2	10	3
5380	4	2	10	4
5381	4	2	10	5
5382	4	2	10	6
5383	4	2	10	7
5384	4	2	10	8
5385	4	2	10	9
5386	4	2	10	10
5387	4	2	10	11
5388	4	2	10	12
5389	4	2	10	13
5390	4	2	10	14
5391	4	2	10	15
5392	4	2	10	16
5393	4	2	10	17
5394	4	2	10	18
5395	4	2	10	19
5396	4	2	10	20
5397	4	2	10	21
5398	4	2	11	1
5399	4	2	11	2
5400	4	2	11	3
5401	4	2	11	4
5402	4	2	11	5
5403	4	2	11	6
5404	4	2	11	7
5405	4	2	11	8
5406	4	2	11	9
5407	4	2	11	10
5408	4	2	11	11
5409	4	2	11	12
5410	4	2	11	13
5411	4	2	11	14
5412	4	2	11	15
5413	4	2	11	16
5414	4	2	11	17
5415	4	2	11	18
5416	4	2	11	19
5417	4	2	11	20
5418	4	2	11	21
5419	4	2	12	1
5420	4	2	12	2
5421	4	2	12	3
5422	4	2	12	4
5423	4	2	12	5
5424	4	2	12	6
5425	4	2	12	7
5426	4	2	12	8
5427	4	2	12	9
5428	4	2	12	10
5429	4	2	12	11
5430	4	2	12	12
5431	4	2	12	13
5432	4	2	12	14
5433	4	2	12	15
5434	4	2	12	16
5435	4	2	12	17
5436	4	2	12	18
5437	4	2	12	19
5438	4	2	12	20
5439	4	2	12	21
5440	4	2	13	1
5441	4	2	13	2
5442	4	2	13	3
5443	4	2	13	4
5444	4	2	13	5
5445	4	2	13	6
5446	4	2	13	7
5447	4	2	13	8
5448	4	2	13	9
5449	4	2	13	10
5450	4	2	13	11
5451	4	2	13	12
5452	4	2	13	13
5453	4	2	13	14
5454	4	2	13	15
5455	4	2	13	16
5456	4	2	13	17
5457	4	2	13	18
5458	4	2	13	19
5459	4	2	13	20
5460	4	2	13	21
5461	4	2	14	1
5462	4	2	14	2
5463	4	2	14	3
5464	4	2	14	4
5465	4	2	14	5
5466	4	2	14	6
5467	4	2	14	7
5468	4	2	14	8
5469	4	2	14	9
5470	4	2	14	10
5471	4	2	14	11
5472	4	2	14	12
5473	4	2	14	13
5474	4	2	14	14
5475	4	2	14	15
5476	4	2	14	16
5477	4	2	14	17
5478	4	2	14	18
5479	4	2	14	19
5480	4	2	14	20
5481	4	2	14	21
5482	4	2	15	1
5483	4	2	15	2
5484	4	2	15	3
5485	4	2	15	4
5486	4	2	15	5
5487	4	2	15	6
5488	4	2	15	7
5489	4	2	15	8
5490	4	2	15	9
5491	4	2	15	10
5492	4	2	15	11
5493	4	2	15	12
5494	4	2	15	13
5495	4	2	15	14
5496	4	2	15	15
5497	4	2	15	16
5498	4	2	15	17
5499	4	2	15	18
5500	4	2	15	19
5501	4	2	15	20
5502	4	2	15	21
5503	4	2	16	1
5504	4	2	16	2
5505	4	2	16	3
5506	4	2	16	4
5507	4	2	16	5
5508	4	2	16	6
5509	4	2	16	7
5510	4	2	16	8
5511	4	2	16	9
5512	4	2	16	10
5513	4	2	16	11
5514	4	2	16	12
5515	4	2	16	13
5516	4	2	16	14
5517	4	2	16	15
5518	4	2	16	16
5519	4	2	16	17
5520	4	2	16	18
5521	4	2	16	19
5522	4	2	16	20
5523	4	2	16	21
5524	4	2	17	1
5525	4	2	17	2
5526	4	2	17	3
5527	4	2	17	4
5528	4	2	17	5
5529	4	2	17	6
5530	4	2	17	7
5531	4	2	17	8
5532	4	2	17	9
5533	4	2	17	10
5534	4	2	17	11
5535	4	2	17	12
5536	4	2	17	13
5537	4	2	17	14
5538	4	2	17	15
5539	4	2	17	16
5540	4	2	17	17
5541	4	2	17	18
5542	4	2	17	19
5543	4	2	17	20
5544	4	2	17	21
5545	4	2	18	1
5546	4	2	18	2
5547	4	2	18	3
5548	4	2	18	4
5549	4	2	18	5
5550	4	2	18	6
5551	4	2	18	7
5552	4	2	18	8
5553	4	2	18	9
5554	4	2	18	10
5555	4	2	18	11
5556	4	2	18	12
5557	4	2	18	13
5558	4	2	18	14
5559	4	2	18	15
5560	4	2	18	16
5561	4	2	18	17
5562	4	2	18	18
5563	4	2	18	19
5564	4	2	18	20
5565	4	2	18	21
5566	4	2	19	1
5567	4	2	19	2
5568	4	2	19	3
5569	4	2	19	4
5570	4	2	19	5
5571	4	2	19	6
5572	4	2	19	7
5573	4	2	19	8
5574	4	2	19	9
5575	4	2	19	10
5576	4	2	19	11
5577	4	2	19	12
5578	4	2	19	13
5579	4	2	19	14
5580	4	2	19	15
5581	4	2	19	16
5582	4	2	19	17
5583	4	2	19	18
5584	4	2	19	19
5585	4	2	19	20
5586	4	2	19	21
5587	4	3	1	1
5588	4	3	1	2
5589	4	3	1	3
5590	4	3	1	4
5591	4	3	1	5
5592	4	3	1	6
5593	4	3	1	7
5594	4	3	1	8
5595	4	3	1	9
5596	4	3	1	10
5597	4	3	1	11
5598	4	3	1	12
5599	4	3	1	13
5600	4	3	1	14
5601	4	3	1	15
5602	4	3	1	16
5603	4	3	1	17
5604	4	3	1	18
5605	4	3	1	19
5606	4	3	1	20
5607	4	3	1	21
5608	4	3	2	1
5609	4	3	2	2
5610	4	3	2	3
5611	4	3	2	4
5612	4	3	2	5
5613	4	3	2	6
5614	4	3	2	7
5615	4	3	2	8
5616	4	3	2	9
5617	4	3	2	10
5618	4	3	2	11
5619	4	3	2	12
5620	4	3	2	13
5621	4	3	2	14
5622	4	3	2	15
5623	4	3	2	16
5624	4	3	2	17
5625	4	3	2	18
5626	4	3	2	19
5627	4	3	2	20
5628	4	3	2	21
5629	4	3	3	1
5630	4	3	3	2
5631	4	3	3	3
5632	4	3	3	4
5633	4	3	3	5
5634	4	3	3	6
5635	4	3	3	7
5636	4	3	3	8
5637	4	3	3	9
5638	4	3	3	10
5639	4	3	3	11
5640	4	3	3	12
5641	4	3	3	13
5642	4	3	3	14
5643	4	3	3	15
5644	4	3	3	16
5645	4	3	3	17
5646	4	3	3	18
5647	4	3	3	19
5648	4	3	3	20
5649	4	3	3	21
5650	4	3	4	1
5651	4	3	4	2
5652	4	3	4	3
5653	4	3	4	4
5654	4	3	4	5
5655	4	3	4	6
5656	4	3	4	7
5657	4	3	4	8
5658	4	3	4	9
5659	4	3	4	10
5660	4	3	4	11
5661	4	3	4	12
5662	4	3	4	13
5663	4	3	4	14
5664	4	3	4	15
5665	4	3	4	16
5666	4	3	4	17
5667	4	3	4	18
5668	4	3	4	19
5669	4	3	4	20
5670	4	3	4	21
5671	4	3	5	1
5672	4	3	5	2
5673	4	3	5	3
5674	4	3	5	4
5675	4	3	5	5
5676	4	3	5	6
5677	4	3	5	7
5678	4	3	5	8
5679	4	3	5	9
5680	4	3	5	10
5681	4	3	5	11
5682	4	3	5	12
5683	4	3	5	13
5684	4	3	5	14
5685	4	3	5	15
5686	4	3	5	16
5687	4	3	5	17
5688	4	3	5	18
5689	4	3	5	19
5690	4	3	5	20
5691	4	3	5	21
5692	4	3	6	1
5693	4	3	6	2
5694	4	3	6	3
5695	4	3	6	4
5696	4	3	6	5
5697	4	3	6	6
5698	4	3	6	7
5699	4	3	6	8
5700	4	3	6	9
5701	4	3	6	10
5702	4	3	6	11
5703	4	3	6	12
5704	4	3	6	13
5705	4	3	6	14
5706	4	3	6	15
5707	4	3	6	16
5708	4	3	6	17
5709	4	3	6	18
5710	4	3	6	19
5711	4	3	6	20
5712	4	3	6	21
5713	4	3	7	1
5714	4	3	7	2
5715	4	3	7	3
5716	4	3	7	4
5717	4	3	7	5
5718	4	3	7	6
5719	4	3	7	7
5720	4	3	7	8
5721	4	3	7	9
5722	4	3	7	10
5723	4	3	7	11
5724	4	3	7	12
5725	4	3	7	13
5726	4	3	7	14
5727	4	3	7	15
5728	4	3	7	16
5729	4	3	7	17
5730	4	3	7	18
5731	4	3	7	19
5732	4	3	7	20
5733	4	3	7	21
5734	4	3	8	1
5735	4	3	8	2
5736	4	3	8	3
5737	4	3	8	4
5738	4	3	8	5
5739	4	3	8	6
5740	4	3	8	7
5741	4	3	8	8
5742	4	3	8	9
5743	4	3	8	10
5744	4	3	8	11
5745	4	3	8	12
5746	4	3	8	13
5747	4	3	8	14
5748	4	3	8	15
5749	4	3	8	16
5750	4	3	8	17
5751	4	3	8	18
5752	4	3	8	19
5753	4	3	8	20
5754	4	3	8	21
5755	4	3	9	1
5756	4	3	9	2
5757	4	3	9	3
5758	4	3	9	4
5759	4	3	9	5
5760	4	3	9	6
5761	4	3	9	7
5762	4	3	9	8
5763	4	3	9	9
5764	4	3	9	10
5765	4	3	9	11
5766	4	3	9	12
5767	4	3	9	13
5768	4	3	9	14
5769	4	3	9	15
5770	4	3	9	16
5771	4	3	9	17
5772	4	3	9	18
5773	4	3	9	19
5774	4	3	9	20
5775	4	3	9	21
5776	4	3	10	1
5777	4	3	10	2
5778	4	3	10	3
5779	4	3	10	4
5780	4	3	10	5
5781	4	3	10	6
5782	4	3	10	7
5783	4	3	10	8
5784	4	3	10	9
5785	4	3	10	10
5786	4	3	10	11
5787	4	3	10	12
5788	4	3	10	13
5789	4	3	10	14
5790	4	3	10	15
5791	4	3	10	16
5792	4	3	10	17
5793	4	3	10	18
5794	4	3	10	19
5795	4	3	10	20
5796	4	3	10	21
5797	4	3	11	1
5798	4	3	11	2
5799	4	3	11	3
5800	4	3	11	4
5801	4	3	11	5
5802	4	3	11	6
5803	4	3	11	7
5804	4	3	11	8
5805	4	3	11	9
5806	4	3	11	10
5807	4	3	11	11
5808	4	3	11	12
5809	4	3	11	13
5810	4	3	11	14
5811	4	3	11	15
5812	4	3	11	16
5813	4	3	11	17
5814	4	3	11	18
5815	4	3	11	19
5816	4	3	11	20
5817	4	3	11	21
5818	4	3	12	1
5819	4	3	12	2
5820	4	3	12	3
5821	4	3	12	4
5822	4	3	12	5
5823	4	3	12	6
5824	4	3	12	7
5825	4	3	12	8
5826	4	3	12	9
5827	4	3	12	10
5828	4	3	12	11
5829	4	3	12	12
5830	4	3	12	13
5831	4	3	12	14
5832	4	3	12	15
5833	4	3	12	16
5834	4	3	12	17
5835	4	3	12	18
5836	4	3	12	19
5837	4	3	12	20
5838	4	3	12	21
5839	4	3	13	1
5840	4	3	13	2
5841	4	3	13	3
5842	4	3	13	4
5843	4	3	13	5
5844	4	3	13	6
5845	4	3	13	7
5846	4	3	13	8
5847	4	3	13	9
5848	4	3	13	10
5849	4	3	13	11
5850	4	3	13	12
5851	4	3	13	13
5852	4	3	13	14
5853	4	3	13	15
5854	4	3	13	16
5855	4	3	13	17
5856	4	3	13	18
5857	4	3	13	19
5858	4	3	13	20
5859	4	3	13	21
5860	4	3	14	1
5861	4	3	14	2
5862	4	3	14	3
5863	4	3	14	4
5864	4	3	14	5
5865	4	3	14	6
5866	4	3	14	7
5867	4	3	14	8
5868	4	3	14	9
5869	4	3	14	10
5870	4	3	14	11
5871	4	3	14	12
5872	4	3	14	13
5873	4	3	14	14
5874	4	3	14	15
5875	4	3	14	16
5876	4	3	14	17
5877	4	3	14	18
5878	4	3	14	19
5879	4	3	14	20
5880	4	3	14	21
5881	4	3	15	1
5882	4	3	15	2
5883	4	3	15	3
5884	4	3	15	4
5885	4	3	15	5
5886	4	3	15	6
5887	4	3	15	7
5888	4	3	15	8
5889	4	3	15	9
5890	4	3	15	10
5891	4	3	15	11
5892	4	3	15	12
5893	4	3	15	13
5894	4	3	15	14
5895	4	3	15	15
5896	4	3	15	16
5897	4	3	15	17
5898	4	3	15	18
5899	4	3	15	19
5900	4	3	15	20
5901	4	3	15	21
5902	4	3	16	1
5903	4	3	16	2
5904	4	3	16	3
5905	4	3	16	4
5906	4	3	16	5
5907	4	3	16	6
5908	4	3	16	7
5909	4	3	16	8
5910	4	3	16	9
5911	4	3	16	10
5912	4	3	16	11
5913	4	3	16	12
5914	4	3	16	13
5915	4	3	16	14
5916	4	3	16	15
5917	4	3	16	16
5918	4	3	16	17
5919	4	3	16	18
5920	4	3	16	19
5921	4	3	16	20
5922	4	3	16	21
5923	4	3	17	1
5924	4	3	17	2
5925	4	3	17	3
5926	4	3	17	4
5927	4	3	17	5
5928	4	3	17	6
5929	4	3	17	7
5930	4	3	17	8
5931	4	3	17	9
5932	4	3	17	10
5933	4	3	17	11
5934	4	3	17	12
5935	4	3	17	13
5936	4	3	17	14
5937	4	3	17	15
5938	4	3	17	16
5939	4	3	17	17
5940	4	3	17	18
5941	4	3	17	19
5942	4	3	17	20
5943	4	3	17	21
5944	4	3	18	1
5945	4	3	18	2
5946	4	3	18	3
5947	4	3	18	4
5948	4	3	18	5
5949	4	3	18	6
5950	4	3	18	7
5951	4	3	18	8
5952	4	3	18	9
5953	4	3	18	10
5954	4	3	18	11
5955	4	3	18	12
5956	4	3	18	13
5957	4	3	18	14
5958	4	3	18	15
5959	4	3	18	16
5960	4	3	18	17
5961	4	3	18	18
5962	4	3	18	19
5963	4	3	18	20
5964	4	3	18	21
5965	4	3	19	1
5966	4	3	19	2
5967	4	3	19	3
5968	4	3	19	4
5969	4	3	19	5
5970	4	3	19	6
5971	4	3	19	7
5972	4	3	19	8
5973	4	3	19	9
5974	4	3	19	10
5975	4	3	19	11
5976	4	3	19	12
5977	4	3	19	13
5978	4	3	19	14
5979	4	3	19	15
5980	4	3	19	16
5981	4	3	19	17
5982	4	3	19	18
5983	4	3	19	19
5984	4	3	19	20
5985	4	3	19	21
5986	4	4	1	1
5987	4	4	1	2
5988	4	4	1	3
5989	4	4	1	4
5990	4	4	1	5
5991	4	4	1	6
5992	4	4	1	7
5993	4	4	1	8
5994	4	4	1	9
5995	4	4	1	10
5996	4	4	1	11
5997	4	4	1	12
5998	4	4	1	13
5999	4	4	1	14
6000	4	4	1	15
6001	4	4	1	16
6002	4	4	1	17
6003	4	4	1	18
6004	4	4	1	19
6005	4	4	1	20
6006	4	4	1	21
6007	4	4	2	1
6008	4	4	2	2
6009	4	4	2	3
6010	4	4	2	4
6011	4	4	2	5
6012	4	4	2	6
6013	4	4	2	7
6014	4	4	2	8
6015	4	4	2	9
6016	4	4	2	10
6017	4	4	2	11
6018	4	4	2	12
6019	4	4	2	13
6020	4	4	2	14
6021	4	4	2	15
6022	4	4	2	16
6023	4	4	2	17
6024	4	4	2	18
6025	4	4	2	19
6026	4	4	2	20
6027	4	4	2	21
6028	4	4	3	1
6029	4	4	3	2
6030	4	4	3	3
6031	4	4	3	4
6032	4	4	3	5
6033	4	4	3	6
6034	4	4	3	7
6035	4	4	3	8
6036	4	4	3	9
6037	4	4	3	10
6038	4	4	3	11
6039	4	4	3	12
6040	4	4	3	13
6041	4	4	3	14
6042	4	4	3	15
6043	4	4	3	16
6044	4	4	3	17
6045	4	4	3	18
6046	4	4	3	19
6047	4	4	3	20
6048	4	4	3	21
6049	4	4	4	1
6050	4	4	4	2
6051	4	4	4	3
6052	4	4	4	4
6053	4	4	4	5
6054	4	4	4	6
6055	4	4	4	7
6056	4	4	4	8
6057	4	4	4	9
6058	4	4	4	10
6059	4	4	4	11
6060	4	4	4	12
6061	4	4	4	13
6062	4	4	4	14
6063	4	4	4	15
6064	4	4	4	16
6065	4	4	4	17
6066	4	4	4	18
6067	4	4	4	19
6068	4	4	4	20
6069	4	4	4	21
6070	4	4	5	1
6071	4	4	5	2
6072	4	4	5	3
6073	4	4	5	4
6074	4	4	5	5
6075	4	4	5	6
6076	4	4	5	7
6077	4	4	5	8
6078	4	4	5	9
6079	4	4	5	10
6080	4	4	5	11
6081	4	4	5	12
6082	4	4	5	13
6083	4	4	5	14
6084	4	4	5	15
6085	4	4	5	16
6086	4	4	5	17
6087	4	4	5	18
6088	4	4	5	19
6089	4	4	5	20
6090	4	4	5	21
6091	4	4	6	1
6092	4	4	6	2
6093	4	4	6	3
6094	4	4	6	4
6095	4	4	6	5
6096	4	4	6	6
6097	4	4	6	7
6098	4	4	6	8
6099	4	4	6	9
6100	4	4	6	10
6101	4	4	6	11
6102	4	4	6	12
6103	4	4	6	13
6104	4	4	6	14
6105	4	4	6	15
6106	4	4	6	16
6107	4	4	6	17
6108	4	4	6	18
6109	4	4	6	19
6110	4	4	6	20
6111	4	4	6	21
6112	4	4	7	1
6113	4	4	7	2
6114	4	4	7	3
6115	4	4	7	4
6116	4	4	7	5
6117	4	4	7	6
6118	4	4	7	7
6119	4	4	7	8
6120	4	4	7	9
6121	4	4	7	10
6122	4	4	7	11
6123	4	4	7	12
6124	4	4	7	13
6125	4	4	7	14
6126	4	4	7	15
6127	4	4	7	16
6128	4	4	7	17
6129	4	4	7	18
6130	4	4	7	19
6131	4	4	7	20
6132	4	4	7	21
6133	4	4	8	1
6134	4	4	8	2
6135	4	4	8	3
6136	4	4	8	4
6137	4	4	8	5
6138	4	4	8	6
6139	4	4	8	7
6140	4	4	8	8
6141	4	4	8	9
6142	4	4	8	10
6143	4	4	8	11
6144	4	4	8	12
6145	4	4	8	13
6146	4	4	8	14
6147	4	4	8	15
6148	4	4	8	16
6149	4	4	8	17
6150	4	4	8	18
6151	4	4	8	19
6152	4	4	8	20
6153	4	4	8	21
6154	4	4	9	1
6155	4	4	9	2
6156	4	4	9	3
6157	4	4	9	4
6158	4	4	9	5
6159	4	4	9	6
6160	4	4	9	7
6161	4	4	9	8
6162	4	4	9	9
6163	4	4	9	10
6164	4	4	9	11
6165	4	4	9	12
6166	4	4	9	13
6167	4	4	9	14
6168	4	4	9	15
6169	4	4	9	16
6170	4	4	9	17
6171	4	4	9	18
6172	4	4	9	19
6173	4	4	9	20
6174	4	4	9	21
6175	4	4	10	1
6176	4	4	10	2
6177	4	4	10	3
6178	4	4	10	4
6179	4	4	10	5
6180	4	4	10	6
6181	4	4	10	7
6182	4	4	10	8
6183	4	4	10	9
6184	4	4	10	10
6185	4	4	10	11
6186	4	4	10	12
6187	4	4	10	13
6188	4	4	10	14
6189	4	4	10	15
6190	4	4	10	16
6191	4	4	10	17
6192	4	4	10	18
6193	4	4	10	19
6194	4	4	10	20
6195	4	4	10	21
6196	4	4	11	1
6197	4	4	11	2
6198	4	4	11	3
6199	4	4	11	4
6200	4	4	11	5
6201	4	4	11	6
6202	4	4	11	7
6203	4	4	11	8
6204	4	4	11	9
6205	4	4	11	10
6206	4	4	11	11
6207	4	4	11	12
6208	4	4	11	13
6209	4	4	11	14
6210	4	4	11	15
6211	4	4	11	16
6212	4	4	11	17
6213	4	4	11	18
6214	4	4	11	19
6215	4	4	11	20
6216	4	4	11	21
6217	4	4	12	1
6218	4	4	12	2
6219	4	4	12	3
6220	4	4	12	4
6221	4	4	12	5
6222	4	4	12	6
6223	4	4	12	7
6224	4	4	12	8
6225	4	4	12	9
6226	4	4	12	10
6227	4	4	12	11
6228	4	4	12	12
6229	4	4	12	13
6230	4	4	12	14
6231	4	4	12	15
6232	4	4	12	16
6233	4	4	12	17
6234	4	4	12	18
6235	4	4	12	19
6236	4	4	12	20
6237	4	4	12	21
6238	4	4	13	1
6239	4	4	13	2
6240	4	4	13	3
6241	4	4	13	4
6242	4	4	13	5
6243	4	4	13	6
6244	4	4	13	7
6245	4	4	13	8
6246	4	4	13	9
6247	4	4	13	10
6248	4	4	13	11
6249	4	4	13	12
6250	4	4	13	13
6251	4	4	13	14
6252	4	4	13	15
6253	4	4	13	16
6254	4	4	13	17
6255	4	4	13	18
6256	4	4	13	19
6257	4	4	13	20
6258	4	4	13	21
6259	4	4	14	1
6260	4	4	14	2
6261	4	4	14	3
6262	4	4	14	4
6263	4	4	14	5
6264	4	4	14	6
6265	4	4	14	7
6266	4	4	14	8
6267	4	4	14	9
6268	4	4	14	10
6269	4	4	14	11
6270	4	4	14	12
6271	4	4	14	13
6272	4	4	14	14
6273	4	4	14	15
6274	4	4	14	16
6275	4	4	14	17
6276	4	4	14	18
6277	4	4	14	19
6278	4	4	14	20
6279	4	4	14	21
6280	4	4	15	1
6281	4	4	15	2
6282	4	4	15	3
6283	4	4	15	4
6284	4	4	15	5
6285	4	4	15	6
6286	4	4	15	7
6287	4	4	15	8
6288	4	4	15	9
6289	4	4	15	10
6290	4	4	15	11
6291	4	4	15	12
6292	4	4	15	13
6293	4	4	15	14
6294	4	4	15	15
6295	4	4	15	16
6296	4	4	15	17
6297	4	4	15	18
6298	4	4	15	19
6299	4	4	15	20
6300	4	4	15	21
6301	4	4	16	1
6302	4	4	16	2
6303	4	4	16	3
6304	4	4	16	4
6305	4	4	16	5
6306	4	4	16	6
6307	4	4	16	7
6308	4	4	16	8
6309	4	4	16	9
6310	4	4	16	10
6311	4	4	16	11
6312	4	4	16	12
6313	4	4	16	13
6314	4	4	16	14
6315	4	4	16	15
6316	4	4	16	16
6317	4	4	16	17
6318	4	4	16	18
6319	4	4	16	19
6320	4	4	16	20
6321	4	4	16	21
6322	4	4	17	1
6323	4	4	17	2
6324	4	4	17	3
6325	4	4	17	4
6326	4	4	17	5
6327	4	4	17	6
6328	4	4	17	7
6329	4	4	17	8
6330	4	4	17	9
6331	4	4	17	10
6332	4	4	17	11
6333	4	4	17	12
6334	4	4	17	13
6335	4	4	17	14
6336	4	4	17	15
6337	4	4	17	16
6338	4	4	17	17
6339	4	4	17	18
6340	4	4	17	19
6341	4	4	17	20
6342	4	4	17	21
6343	4	4	18	1
6344	4	4	18	2
6345	4	4	18	3
6346	4	4	18	4
6347	4	4	18	5
6348	4	4	18	6
6349	4	4	18	7
6350	4	4	18	8
6351	4	4	18	9
6352	4	4	18	10
6353	4	4	18	11
6354	4	4	18	12
6355	4	4	18	13
6356	4	4	18	14
6357	4	4	18	15
6358	4	4	18	16
6359	4	4	18	17
6360	4	4	18	18
6361	4	4	18	19
6362	4	4	18	20
6363	4	4	18	21
6364	4	4	19	1
6365	4	4	19	2
6366	4	4	19	3
6367	4	4	19	4
6368	4	4	19	5
6369	4	4	19	6
6370	4	4	19	7
6371	4	4	19	8
6372	4	4	19	9
6373	4	4	19	10
6374	4	4	19	11
6375	4	4	19	12
6376	4	4	19	13
6377	4	4	19	14
6378	4	4	19	15
6379	4	4	19	16
6380	4	4	19	17
6381	4	4	19	18
6382	4	4	19	19
6383	4	4	19	20
6384	4	4	19	21
